0	0.000000
1	0.000000
2	0.000000
3	0.000000
4	0.000000
5	0.000000
6	0.000000
7	0.000000
8	0.000000
9	0.000000
10	0.000000
11	0.000000
12	0.000000
13	0.000000
14	0.000000
15	0.000000
16	0.000000
17	0.000000
18	0.000000
19	0.000000
20	0.000000
21	0.000000
22	0.000000
23	0.000000
24	0.000000
25	0.000000
26	0.000000
27	0.000000
28	0.000000
29	0.000000
30	0.000000
31	0.000000
32	0.000000
33	0.000000
34	0.000000
35	0.000000
36	0.000000
37	0.000000
38	0.000000
39	0.000000
40	0.000000
41	0.000000
42	0.000000
43	0.000000
44	0.000000
45	0.000000
46	0.000000
47	0.000000
48	0.000000
49	0.000000
50	0.000000
51	0.000000
52	0.000000
53	0.000000
54	0.000000
55	0.000000
56	0.000000
57	0.000000
58	0.000000
59	0.000000
60	0.000000
61	0.000000
62	0.000000
63	0.000000
64	0.000000
65	0.000000
66	0.000000
67	0.000000
68	0.000000
69	0.000000
70	0.000000
71	0.000000
72	0.000000
73	0.000000
74	0.000000
75	0.000000
76	0.000000
77	0.000000
78	0.000000
79	0.000000
80	0.000000
81	0.000000
82	0.000000
83	0.000000
84	0.000000
85	0.000000
86	0.000000
87	0.000000
88	0.000000
89	0.000000
90	0.000000
91	0.000000
92	0.000000
93	0.000000
94	0.000000
95	0.000000
96	0.000000
97	0.000000
98	0.000000
99	0.000000
100	0.000000
101	0.000000
102	0.000000
103	0.000000
104	0.000000
105	0.000000
106	0.000000
107	0.000000
108	0.000000
109	0.000000
110	0.000000
111	0.000000
112	0.000000
113	0.000000
114	0.000000
115	0.000000
116	0.000000
117	0.000000
118	0.000000
119	0.000000
120	0.000000
121	0.000000
122	0.000000
123	0.000000
124	0.000000
125	0.000000
126	0.000000
127	0.000000
128	0.000000
129	0.000000
130	0.000000
131	0.000000
132	0.000000
133	0.000000
134	0.000000
135	0.000000
136	0.000000
137	0.000000
138	0.000000
139	0.000000
140	0.000000
141	0.000000
142	0.000000
143	0.000000
144	0.000000
145	0.000000
146	0.000000
147	0.000000
148	0.000000
149	0.000000
150	0.000000
151	0.000000
152	0.000000
153	0.000000
154	0.000000
155	0.000000
156	0.000000
157	0.000000
158	0.000000
159	0.000000
160	0.000000
161	0.000000
162	0.000000
163	0.000000
164	0.000000
165	0.000000
166	0.000000
167	0.000000
168	0.000000
169	0.000000
170	0.000000
171	0.000000
172	0.000000
173	0.000000
174	0.000000
175	0.000000
176	0.000000
177	0.000000
178	0.000000
179	0.000000
180	0.000000
181	0.000000
182	0.000000
183	0.000000
184	0.000000
185	0.000000
186	0.000000
187	0.000000
188	0.000000
189	0.000000
190	0.000000
191	0.000000
192	0.000000
193	0.000000
194	0.000000
195	0.000000
196	0.000000
197	0.000000
198	0.000000
199	0.000000
200	0.000000
201	0.000000
202	0.000000
203	0.000000
204	0.000000
205	0.000000
206	0.000000
207	0.000000
208	0.000000
209	0.000000
210	0.000000
211	0.000000
212	0.000000
213	0.000000
214	0.000000
215	0.000000
216	0.000000
217	0.000000
218	0.000000
219	0.000000
220	0.000000
221	0.000000
222	0.000000
223	0.000000
224	0.000000
225	0.000000
226	0.000000
227	0.000000
228	0.000000
229	0.000000
230	0.000000
231	0.000000
232	0.000000
233	0.000000
234	0.000000
235	0.000000
236	0.000000
237	0.000000
238	0.000000
239	0.000000
240	0.000000
241	0.000000
242	0.000000
243	0.000000
244	0.000000
245	0.000000
246	0.000000
247	0.000000
248	0.000000
249	0.000000
250	0.000000
251	0.000000
252	0.000000
253	0.000000
254	0.000000
255	0.000000
256	0.000000
257	0.000000
258	0.000000
259	0.000000
260	0.000000
261	0.000000
262	0.000000
263	0.000000
264	0.000000
265	0.000000
266	0.000000
267	0.000000
268	0.000000
269	0.000000
270	0.000000
271	0.000000
272	0.000000
273	0.000000
274	0.000000
275	0.000000
276	0.000000
277	0.000000
278	0.000000
279	0.000000
280	0.000000
281	0.000000
282	0.000000
283	0.000000
284	0.000000
285	0.000000
286	0.000000
287	0.000000
288	0.000000
289	0.000000
290	0.000000
291	0.000000
292	0.000000
293	0.000000
294	0.000000
295	0.000000
296	0.000000
297	0.000000
298	0.000000
299	0.000000
300	0.000000
301	0.000000
302	0.000000
303	0.000000
304	0.000000
305	0.000000
306	0.000000
307	0.000000
308	0.000000
309	0.000000
310	0.000000
311	0.000000
312	0.000000
313	0.000000
314	0.000000
315	0.000000
316	0.000000
317	0.000000
318	0.000000
319	0.000000
320	0.000000
321	0.000000
322	0.000000
323	0.000000
324	0.000000
325	0.000000
326	0.000000
327	0.000000
328	0.000000
329	0.000000
330	0.000000
331	0.000000
332	0.000000
333	0.000000
334	0.000000
335	0.000000
336	0.000000
337	0.000000
338	0.000000
339	0.000000
340	0.000000
341	0.000000
342	0.000000
343	0.000000
344	0.000000
345	0.000000
346	0.000000
347	0.000000
348	0.000000
349	0.000000
350	0.000000
351	0.000000
352	0.000000
353	0.000000
354	0.000000
355	0.000000
356	0.000000
357	0.000000
358	0.000000
359	0.000000
360	0.000000
361	0.000000
362	0.000000
363	0.000000
364	0.000000
365	0.000000
366	0.000000
367	0.000000
368	0.000000
369	0.000000
370	0.000000
371	0.000000
372	0.000000
373	0.000000
374	0.000000
375	0.000000
376	0.000000
377	0.000000
378	0.000000
379	0.000000
380	0.000000
381	0.000000
382	0.000000
383	0.000000
384	0.000000
385	0.000000
386	0.000000
387	0.000000
388	0.000000
389	0.000000
390	0.000000
391	0.000000
392	0.000000
393	0.000000
394	0.000000
395	0.000000
396	0.000000
397	0.000000
398	0.000000
399	0.000000
400	0.000000
401	0.000000
402	0.000000
403	0.000000
404	0.000000
405	0.000000
406	0.000000
407	0.000000
408	0.000000
409	0.000000
410	0.000000
411	0.000000
412	0.000000
413	0.000000
414	0.000000
415	0.000000
416	0.000000
417	0.000000
418	0.000000
419	0.000000
420	0.000000
421	0.000000
422	0.000000
423	0.000000
424	0.000000
425	0.000000
426	0.000000
427	0.000000
428	0.000000
429	0.000000
430	0.000000
431	0.000000
432	0.000000
433	0.000000
434	0.000000
435	0.000000
436	0.000000
437	0.000000
438	0.000000
439	0.000000
440	0.000000
441	0.000000
442	0.000000
443	0.000000
444	0.000000
445	0.000000
446	0.000000
447	0.000000
448	0.000000
449	0.000000
450	0.000000
451	0.000000
452	0.000000
453	0.000000
454	0.000000
455	0.000000
456	0.000000
457	0.000000
458	0.000000
459	0.000000
460	0.000000
461	0.000000
462	0.000000
463	0.000000
464	0.000000
465	0.000000
466	0.000000
467	0.000000
468	0.000000
469	0.000000
470	0.000000
471	0.000000
472	0.000000
473	0.000000
474	0.000000
475	0.000000
476	0.000000
477	0.000000
478	0.000000
479	0.000000
480	0.000000
481	0.000000
482	0.000000
483	0.000000
484	0.000000
485	0.000000
486	0.000000
487	0.000000
488	0.000000
489	0.000000
490	0.000000
491	0.000000
492	0.000000
493	0.000000
494	0.000000
495	0.000000
496	0.000000
497	0.000000
498	0.000000
499	0.000000
500	0.000000
501	0.000000
502	0.000000
503	0.000000
504	0.000000
505	0.000000
506	0.000000
507	0.000000
508	0.000000
509	0.000000
510	0.000000
511	0.000000
512	0.000000
513	0.000000
514	0.000000
515	0.000000
516	0.000000
517	0.000000
518	0.000000
519	0.000000
520	0.000000
521	0.000000
522	0.000000
523	0.000000
524	0.000000
525	0.000000
526	0.000000
527	0.000000
528	0.000000
529	0.000000
530	0.000000
531	0.000000
532	0.000000
533	0.000000
534	0.000000
535	0.000000
536	0.000000
537	0.000000
538	0.000000
539	0.000000
540	0.000000
541	0.000000
542	0.000000
543	0.000000
544	0.000000
545	0.000000
546	0.000000
547	0.000000
548	0.000000
549	0.000000
550	0.000000
551	0.000000
552	0.000000
553	0.000000
554	0.000000
555	0.000000
556	0.000000
557	0.000000
558	0.000000
559	0.000000
560	0.000000
561	0.000000
562	0.000000
563	0.000000
564	0.000000
565	0.000000
566	0.000000
567	0.000000
568	0.000000
569	0.000000
570	0.000000
571	0.000000
572	0.000000
573	0.000000
574	0.000000
575	0.000000
576	0.000000
577	0.000000
578	0.000000
579	0.000000
580	0.000000
581	0.000000
582	0.000000
583	0.000000
584	0.000000
585	0.000000
586	0.000000
587	0.000000
588	0.000000
589	0.000000
590	0.000000
591	0.000000
592	0.000000
593	0.000000
594	0.000000
595	0.000000
596	0.000000
597	0.000000
598	0.000000
599	0.000000
600	0.000000
601	0.000000
602	0.000000
603	0.000000
604	0.000000
605	0.000000
606	0.000000
607	0.000000
608	0.000000
609	0.000000
610	0.000000
611	0.000000
612	0.000000
613	0.000000
614	0.000000
615	0.000000
616	0.000000
617	0.000000
618	0.000000
619	0.000000
620	0.000000
621	0.000000
622	0.000000
623	0.000000
624	0.000000
625	0.000000
626	0.000000
627	0.000000
628	0.000000
629	0.000000
630	0.000000
631	0.000000
632	0.000000
633	0.000000
634	0.000000
635	0.000000
636	0.000000
637	0.000000
638	0.000000
639	0.000000
640	0.000000
641	0.000000
642	0.000000
643	0.000000
644	0.000000
645	0.000000
646	0.000000
647	0.000000
648	0.000000
649	0.000000
650	0.000000
651	0.000000
652	0.000000
653	0.000000
654	0.000000
655	0.000000
656	0.000000
657	0.000000
658	0.000000
659	0.000000
660	0.000000
661	0.000000
662	0.000000
663	0.000000
664	0.000000
665	0.000000
666	0.000000
667	0.000000
668	0.000000
669	0.000000
670	0.000000
671	0.000000
672	0.000000
673	0.000000
674	0.000000
675	0.000000
676	0.000000
677	0.000000
678	0.000000
679	0.000000
680	0.000000
681	0.000000
682	0.000000
683	0.000000
684	0.000000
685	0.000000
686	0.000000
687	0.000000
688	0.000000
689	0.000000
690	0.000000
691	0.000000
692	0.000000
693	0.000000
694	0.000000
695	0.000000
696	0.000000
697	0.000000
698	0.000000
699	0.000000
700	0.000000
701	0.000000
702	0.000000
703	0.000000
704	0.000000
705	0.000000
706	0.000000
707	0.000000
708	0.000000
709	0.000000
710	0.000000
711	0.000000
712	0.000000
713	0.000000
714	0.000000
715	0.000000
716	0.000000
717	0.000000
718	0.000000
719	0.000000
720	0.000000
721	0.000000
722	0.000000
723	0.000000
724	0.000000
725	0.000000
726	0.000000
727	0.000000
728	0.000000
729	0.000000
730	0.000000
731	0.000000
732	0.000000
733	0.000000
734	0.000000
735	0.000000
736	0.000000
737	0.000000
738	0.000000
739	0.000000
740	0.000000
741	0.000000
742	0.000000
743	0.000000
744	0.000000
745	0.000000
746	0.000000
747	0.000000
748	0.000000
749	0.000000
750	0.000000
751	0.000000
752	0.000000
753	0.000000
754	0.000000
755	0.000000
756	0.000000
757	0.000000
758	0.000000
759	0.000000
760	0.000000
761	0.000000
762	0.000000
763	0.000000
764	0.000000
765	0.000000
766	0.000000
767	0.000000
768	0.000000
769	0.000000
770	0.000000
771	0.000000
772	0.000000
773	0.000000
774	0.000000
775	0.000000
776	0.000000
777	0.000000
778	0.000000
779	0.000000
780	0.000000
781	0.000000
782	0.000000
783	0.000000
784	0.000000
785	0.000000
786	0.000000
787	0.000000
788	0.000000
789	0.000000
790	0.000000
791	0.000000
792	0.000000
793	0.000000
794	0.000000
795	0.000000
796	0.000000
797	0.000000
798	0.000000
799	0.000000
800	0.000000
801	0.000000
802	0.000000
803	0.000000
804	0.000000
805	0.000000
806	0.000000
807	0.000000
808	0.000000
809	0.000000
810	0.000000
811	0.000000
812	0.000000
813	0.000000
814	0.000000
815	0.000000
816	0.000000
817	0.000000
818	0.000000
819	0.000000
820	0.000000
821	0.000000
822	0.000000
823	0.000000
824	0.000000
825	0.000000
826	0.000000
827	0.000000
828	0.000000
829	0.000000
830	0.000000
831	0.000000
832	0.000000
833	0.000000
834	0.000000
835	0.000000
836	0.000000
837	0.000000
838	0.000000
839	0.000000
840	0.000000
841	0.000000
842	0.000000
843	0.000000
844	0.000000
845	0.000000
846	0.000000
847	0.000000
848	0.000000
849	0.000000
850	0.000000
851	0.000000
852	0.000000
853	0.000000
854	0.000000
855	0.000000
856	0.000000
857	0.000000
858	0.000000
859	0.000000
860	0.000000
861	0.000000
862	0.000000
863	0.000000
864	0.000000
865	0.000000
866	0.000000
867	0.000000
868	0.000000
869	0.000000
870	0.000000
871	0.000000
872	0.000000
873	0.000000
874	0.000000
875	0.000000
876	0.000000
877	0.000000
878	0.000000
879	0.000000
880	0.000000
881	0.000000
882	0.000000
883	0.000000
884	0.000000
885	0.000000
886	0.000000
887	0.000000
888	0.000000
889	0.000000
890	0.000000
891	0.000000
892	0.000000
893	0.000000
894	0.000000
895	0.000000
896	0.000000
897	0.000000
898	0.000000
899	0.000000
900	0.000000
901	0.000000
902	0.000000
903	0.000000
904	0.000000
905	0.000000
906	0.000000
907	0.000000
908	0.000000
909	0.000000
910	0.000000
911	0.000000
912	0.000000
913	0.000000
914	0.000000
915	0.000000
916	0.000000
917	0.000000
918	0.000000
919	0.000000
920	0.000000
921	0.000000
922	0.000000
923	0.000000
924	0.000000
925	0.000000
926	0.000000
927	0.000000
928	0.000000
929	0.000000
930	0.000000
931	0.000000
932	0.000000
933	0.000000
934	0.000000
935	0.000000
936	0.000000
937	0.000000
938	0.000000
939	0.000000
940	0.000000
941	0.000000
942	0.000000
943	0.000000
944	0.000000
945	0.000000
946	0.000000
947	0.000000
948	0.000000
949	0.000000
950	0.000000
951	0.000000
952	0.000000
953	0.000000
954	0.000000
955	0.000000
956	0.000000
957	0.000000
958	0.000000
959	0.000000
960	0.000000
961	0.000000
962	0.000000
963	0.000000
964	0.000000
965	0.000000
966	0.000000
967	0.000000
968	0.000000
969	0.000000
970	0.000000
971	0.000000
972	0.000000
973	0.000000
974	0.000000
975	0.000000
976	0.000000
977	0.000000
978	0.000000
979	0.000000
980	0.000000
981	0.000000
982	0.000000
983	0.000000
984	0.000000
985	0.000000
986	0.000000
987	0.000000
988	0.000000
989	0.000000
990	0.000000
991	0.000000
992	0.000000
993	0.000000
994	0.000000
995	0.000000
996	0.000000
997	0.000000
998	0.000000
999	0.000000
1000	0.000000
1001	0.000000
1002	0.000000
1003	0.000000
1004	0.000000
1005	0.000000
1006	0.000000
1007	0.000000
1008	0.000000
1009	0.000000
1010	0.000000
1011	0.000000
1012	0.000000
1013	0.000000
1014	0.000000
1015	0.000000
1016	0.000000
1017	0.000000
1018	0.000000
1019	0.000000
1020	0.000000
1021	0.000000
1022	0.000000
1023	0.000000
1024	0.000000
1025	0.000000
1026	0.000000
1027	0.000000
1028	0.000000
1029	0.000000
1030	0.000000
1031	0.000000
1032	0.000000
1033	0.000000
1034	0.000000
1035	0.000000
1036	0.000000
1037	0.000000
1038	0.000000
1039	0.000000
1040	0.000000
1041	0.000000
1042	0.000000
1043	0.000000
1044	0.000000
1045	0.000000
1046	0.000000
1047	0.000000
1048	0.000000
1049	0.000000
1050	0.000000
1051	0.000000
1052	0.000000
1053	0.000000
1054	0.000000
1055	0.000000
1056	0.000000
1057	0.000000
1058	0.000000
1059	0.000000
1060	0.000000
1061	0.000000
1062	0.000000
1063	0.000000
1064	0.000000
1065	0.000000
1066	0.000000
1067	0.000000
1068	0.000000
1069	0.000000
1070	0.000000
1071	0.000000
1072	0.000000
1073	0.000000
1074	0.000000
1075	0.000000
1076	0.000000
1077	0.000000
1078	0.000000
1079	0.000000
1080	0.000000
1081	0.000000
1082	0.000000
1083	0.000000
1084	0.000000
1085	0.000000
1086	0.000000
1087	0.000000
1088	0.000000
1089	0.000000
1090	0.000000
1091	0.000000
1092	0.000000
1093	0.000000
1094	0.000000
1095	0.000000
1096	0.000000
1097	0.000000
1098	0.000000
1099	0.000000
1100	0.000000
1101	0.000000
1102	0.000000
1103	0.000000
1104	0.000000
1105	0.000000
1106	0.000000
1107	0.000000
1108	0.000000
1109	0.000000
1110	0.000000
1111	0.000000
1112	0.000000
1113	0.000000
1114	0.000000
1115	0.000000
1116	0.000000
1117	0.000000
1118	0.000000
1119	0.000000
1120	0.000000
1121	0.000000
1122	0.000000
1123	0.000000
1124	0.000000
1125	0.000000
1126	0.000000
1127	0.000000
1128	0.000000
1129	0.000000
1130	0.000000
1131	0.000000
1132	0.000000
1133	0.000000
1134	0.000000
1135	0.000000
1136	0.000000
1137	0.000000
1138	0.000000
1139	0.000000
1140	0.000000
1141	0.000000
1142	0.000000
1143	0.000000
1144	0.000000
1145	0.000000
1146	0.000000
1147	0.000000
1148	0.000000
1149	0.000000
1150	0.000000
1151	0.000000
1152	0.000000
1153	0.000000
1154	0.000000
1155	0.000000
1156	0.000000
1157	0.000000
1158	0.000000
1159	0.000000
1160	0.000000
1161	0.000000
1162	0.000000
1163	0.000000
1164	0.000000
1165	0.000000
1166	0.000000
1167	0.000000
1168	0.000000
1169	0.000000
1170	0.000000
1171	0.000000
1172	0.000000
1173	0.000000
1174	0.000000
1175	0.000000
1176	0.000000
1177	0.000000
1178	0.000000
1179	0.000000
1180	0.000000
1181	0.000000
1182	0.000000
1183	0.000000
1184	0.000000
1185	0.000000
1186	0.000000
1187	0.000000
1188	0.000000
1189	0.000000
1190	0.000000
1191	0.000000
1192	0.000000
1193	0.000000
1194	0.000000
1195	0.000000
1196	0.000000
1197	0.000000
1198	0.000000
1199	0.000000
1200	0.000000
1201	0.000000
1202	0.000000
1203	0.000000
1204	0.000000
1205	0.000000
1206	0.000000
1207	0.000000
1208	0.000000
1209	0.000000
1210	0.000000
1211	0.000000
1212	0.000000
1213	0.000000
1214	0.000000
1215	0.000000
1216	0.000000
1217	0.000000
1218	0.000000
1219	0.000000
1220	0.000000
1221	0.000000
1222	0.000000
1223	0.000000
1224	0.000000
1225	0.000000
1226	0.000000
1227	0.000000
1228	0.000000
1229	0.000000
1230	0.000000
1231	0.000000
1232	0.000000
1233	0.000000
1234	0.000000
1235	0.000000
1236	0.000000
1237	0.000000
1238	0.000000
1239	0.000000
1240	0.000000
1241	0.000000
1242	0.000000
1243	0.000000
1244	0.000000
1245	0.000000
1246	0.000000
1247	0.000000
1248	0.000000
1249	0.000000
1250	0.000000
1251	0.000000
1252	0.000000
1253	0.000000
1254	0.000000
1255	0.000000
1256	0.000000
1257	0.000000
1258	0.000000
1259	0.000000
1260	0.000000
1261	0.000000
1262	0.000000
1263	0.000000
1264	0.000000
1265	0.000000
1266	0.000000
1267	0.000000
1268	0.000000
1269	0.000000
1270	0.000000
1271	0.000000
1272	0.000000
1273	0.000000
1274	0.000000
1275	0.000000
1276	0.000000
1277	0.000000
1278	0.000000
1279	0.000000
1280	0.000000
1281	0.000000
1282	0.000000
1283	0.000000
1284	0.000000
1285	0.000000
1286	0.000000
1287	0.000000
1288	0.000000
1289	0.000000
1290	0.000000
1291	0.000000
1292	0.000000
1293	0.000000
1294	0.000000
1295	0.000000
1296	0.000000
1297	0.000000
1298	0.000000
1299	0.000000
1300	0.000000
1301	0.000000
1302	0.000000
1303	0.000000
1304	0.000000
1305	0.000000
1306	0.000000
1307	0.000000
1308	0.000000
1309	0.000000
1310	0.000000
1311	0.000000
1312	0.000000
1313	0.000000
1314	0.000000
1315	0.000000
1316	0.000000
1317	0.000000
1318	0.000000
1319	0.000000
1320	0.000000
1321	0.000000
1322	0.000000
1323	0.000000
1324	0.000000
1325	0.000000
1326	0.000000
1327	0.000000
1328	0.000000
1329	0.000000
1330	0.000000
1331	0.000000
1332	0.000000
1333	0.000000
1334	0.000000
1335	0.000000
1336	0.000000
1337	0.000000
1338	0.000000
1339	0.000000
1340	0.000000
1341	0.000000
1342	0.000000
1343	0.000000
1344	0.000000
1345	0.000000
1346	0.000000
1347	0.000000
1348	0.000000
1349	0.000000
1350	0.000000
1351	0.000000
1352	0.000000
1353	0.000000
1354	0.000000
1355	0.000000
1356	0.000000
1357	0.000000
1358	0.000000
1359	0.000000
1360	0.000000
1361	0.000000
1362	0.000000
1363	0.000000
1364	0.000000
1365	0.000000
1366	0.000000
1367	0.000000
1368	0.000000
1369	0.000000
1370	0.000000
1371	0.000000
1372	0.000000
1373	0.000000
1374	0.000000
1375	0.000000
1376	0.000000
1377	0.000000
1378	0.000000
1379	0.000000
1380	0.000000
1381	0.000000
1382	0.000000
1383	0.000000
1384	0.000000
1385	0.000000
1386	0.000000
1387	0.000000
1388	0.000000
1389	0.000000
1390	0.000000
1391	0.000000
1392	0.000000
1393	0.000000
1394	0.000000
1395	0.000000
1396	0.000000
1397	0.000000
1398	0.000000
1399	0.000000
1400	0.000000
1401	0.000000
1402	0.000000
1403	0.000000
1404	0.000000
1405	0.000000
1406	0.000000
1407	0.000000
1408	0.000000
1409	0.000000
1410	0.000000
1411	0.000000
1412	0.000000
1413	0.000000
1414	0.000000
1415	0.000000
1416	0.000000
1417	0.000000
1418	0.000000
1419	0.000000
1420	0.000000
1421	0.000000
1422	0.000000
1423	0.000000
1424	0.000000
1425	0.000000
1426	0.000000
1427	0.000000
1428	0.000000
1429	0.000000
1430	0.000000
1431	0.000000
1432	0.000000
1433	0.000000
1434	0.000000
1435	0.000000
1436	0.000000
1437	0.000000
1438	0.000000
1439	0.000000
1440	0.000000
1441	0.000000
1442	0.000000
1443	0.000000
1444	0.000000
1445	0.000000
1446	0.000000
1447	0.000000
1448	0.000000
1449	0.000000
1450	0.000000
1451	0.000010
1452	0.000000
1453	0.000000
1454	0.000000
1455	0.000000
1456	0.000000
1457	0.000010
1458	0.000000
1459	0.000000
1460	0.000000
1461	0.000000
1462	0.000000
1463	0.000000
1464	0.000010
1465	0.000000
1466	0.000010
1467	0.000000
1468	0.000000
1469	0.000000
1470	0.000010
1471	0.000000
1472	0.000000
1473	0.000000
1474	0.000000
1475	0.000000
1476	0.000000
1477	0.000000
1478	0.000000
1479	0.000000
1480	0.000000
1481	0.000000
1482	0.000000
1483	0.000000
1484	0.000000
1485	0.000000
1486	0.000010
1487	0.000000
1488	0.000000
1489	0.000010
1490	0.000000
1491	0.000000
1492	0.000000
1493	0.000010
1494	0.000000
1495	0.000000
1496	0.000010
1497	0.000000
1498	0.000000
1499	0.000000
1500	0.000010
1501	0.000010
1502	0.000010
1503	0.000010
1504	0.000020
1505	0.000010
1506	0.000000
1507	0.000020
1508	0.000020
1509	0.000040
1510	0.000010
1511	0.000040
1512	0.000030
1513	0.000030
1514	0.000030
1515	0.000010
1516	0.000020
1517	0.000010
1518	0.000040
1519	0.000020
1520	0.000010
1521	0.000040
1522	0.000040
1523	0.000030
1524	0.000000
1525	0.000040
1526	0.000040
1527	0.000000
1528	0.000050
1529	0.000040
1530	0.000030
1531	0.000060
1532	0.000030
1533	0.000020
1534	0.000060
1535	0.000040
1536	0.000020
1537	0.000030
1538	0.000010
1539	0.000050
1540	0.000110
1541	0.000080
1542	0.000050
1543	0.000040
1544	0.000040
1545	0.000100
1546	0.000050
1547	0.000130
1548	0.000150
1549	0.000130
1550	0.000130
1551	0.000140
1552	0.000060
1553	0.000060
1554	0.000100
1555	0.000090
1556	0.000140
1557	0.000190
1558	0.000060
1559	0.000200
1560	0.000130
1561	0.000110
1562	0.000200
1563	0.000170
1564	0.000190
1565	0.000180
1566	0.000140
1567	0.000200
1568	0.000170
1569	0.000270
1570	0.000210
1571	0.000140
1572	0.000190
1573	0.000310
1574	0.000230
1575	0.000200
1576	0.000190
1577	0.000230
1578	0.000310
1579	0.000250
1580	0.000370
1581	0.000360
1582	0.000360
1583	0.000330
1584	0.000300
1585	0.000260
1586	0.000290
1587	0.000310
1588	0.000360
1589	0.000380
1590	0.000440
1591	0.000410
1592	0.000340
1593	0.000530
1594	0.000380
1595	0.000460
1596	0.000460
1597	0.000390
1598	0.000530
1599	0.000450
1600	0.000500
1601	0.000450
1602	0.000560
1603	0.000590
1604	0.000550
1605	0.000560
1606	0.000680
1607	0.000700
1608	0.000640
1609	0.000640
1610	0.000840
1611	0.000660
1612	0.000740
1613	0.000800
1614	0.000880
1615	0.000810
1616	0.000790
1617	0.000900
1618	0.001030
1619	0.001040
1620	0.000790
1621	0.001010
1622	0.001030
1623	0.000820
1624	0.000960
1625	0.001060
1626	0.000920
1627	0.000990
1628	0.001030
1629	0.001180
1630	0.000990
1631	0.001110
1632	0.001380
1633	0.000990
1634	0.001170
1635	0.001230
1636	0.001190
1637	0.001230
1638	0.001530
1639	0.001510
1640	0.001490
1641	0.001520
1642	0.001570
1643	0.001600
1644	0.001420
1645	0.001660
1646	0.001610
1647	0.001730
1648	0.001750
1649	0.001760
1650	0.001720
1651	0.001790
1652	0.001750
1653	0.001660
1654	0.001980
1655	0.002050
1656	0.001740
1657	0.002010
1658	0.001980
1659	0.001910
1660	0.002070
1661	0.002170
1662	0.002160
1663	0.002760
1664	0.002420
1665	0.002370
1666	0.002250
1667	0.002200
1668	0.002180
1669	0.002680
1670	0.002360
1671	0.002870
1672	0.002540
1673	0.002510
1674	0.002820
1675	0.002590
1676	0.002520
1677	0.002590
1678	0.002830
1679	0.002890
1680	0.002660
1681	0.003200
1682	0.002890
1683	0.003170
1684	0.003240
1685	0.003020
1686	0.003290
1687	0.002900
1688	0.003110
1689	0.003430
1690	0.003320
1691	0.003320
1692	0.003430
1693	0.003020
1694	0.003420
1695	0.003550
1696	0.003380
1697	0.003440
1698	0.003540
1699	0.003760
1700	0.003640
1701	0.003950
1702	0.003920
1703	0.004040
1704	0.003580
1705	0.003900
1706	0.003830
1707	0.003550
1708	0.004080
1709	0.003950
1710	0.003950
1711	0.003990
1712	0.003990
1713	0.004200
1714	0.004200
1715	0.004140
1716	0.004200
1717	0.004610
1718	0.004380
1719	0.004160
1720	0.004220
1721	0.004460
1722	0.004140
1723	0.004440
1724	0.004500
1725	0.004240
1726	0.004120
1727	0.004740
1728	0.004300
1729	0.004630
1730	0.004720
1731	0.004520
1732	0.004350
1733	0.004720
1734	0.004310
1735	0.004420
1736	0.004940
1737	0.004530
1738	0.004730
1739	0.004710
1740	0.004870
1741	0.004640
1742	0.004840
1743	0.004850
1744	0.004200
1745	0.004850
1746	0.005230
1747	0.004730
1748	0.004980
1749	0.004740
1750	0.004790
1751	0.004780
1752	0.004600
1753	0.004750
1754	0.005240
1755	0.004470
1756	0.004900
1757	0.005010
1758	0.004580
1759	0.005120
1760	0.004950
1761	0.005070
1762	0.004330
1763	0.004880
1764	0.004760
1765	0.005340
1766	0.005070
1767	0.004890
1768	0.004730
1769	0.004530
1770	0.004690
1771	0.005040
1772	0.004920
1773	0.004590
1774	0.004860
1775	0.004790
1776	0.004320
1777	0.004710
1778	0.004800
1779	0.004490
1780	0.004560
1781	0.005270
1782	0.004930
1783	0.004580
1784	0.004890
1785	0.004590
1786	0.004880
1787	0.004680
1788	0.004640
1789	0.004760
1790	0.004650
1791	0.003890
1792	0.004530
1793	0.004790
1794	0.004200
1795	0.004520
1796	0.004230
1797	0.004530
1798	0.004200
1799	0.004740
1800	0.004300
1801	0.004370
1802	0.004140
1803	0.004750
1804	0.004130
1805	0.004370
1806	0.004390
1807	0.004120
1808	0.004140
1809	0.003990
1810	0.004300
1811	0.004340
1812	0.004160
1813	0.003880
1814	0.004030
1815	0.004130
1816	0.003820
1817	0.003620
1818	0.003880
1819	0.003980
1820	0.003640
1821	0.003730
1822	0.004040
1823	0.003230
1824	0.003830
1825	0.003630
1826	0.003520
1827	0.003400
1828	0.003930
1829	0.003400
1830	0.003480
1831	0.003680
1832	0.003370
1833	0.003410
1834	0.003500
1835	0.003210
1836	0.003360
1837	0.003150
1838	0.003300
1839	0.003080
1840	0.003080
1841	0.003020
1842	0.003060
1843	0.002910
1844	0.003400
1845	0.003130
1846	0.002930
1847	0.002960
1848	0.003070
1849	0.002720
1850	0.002940
1851	0.002540
1852	0.002880
1853	0.002720
1854	0.002900
1855	0.002540
1856	0.002630
1857	0.002390
1858	0.002730
1859	0.002240
1860	0.002550
1861	0.002490
1862	0.002450
1863	0.002120
1864	0.002370
1865	0.002380
1866	0.002230
1867	0.002190
1868	0.002050
1869	0.002300
1870	0.002270
1871	0.001820
1872	0.002270
1873	0.001980
1874	0.002110
1875	0.002040
1876	0.001800
1877	0.001920
1878	0.002030
1879	0.001820
1880	0.001890
1881	0.001840
1882	0.001980
1883	0.001870
1884	0.001780
1885	0.001720
1886	0.001840
1887	0.001380
1888	0.001670
1889	0.001480
1890	0.001610
1891	0.001650
1892	0.001760
1893	0.001360
1894	0.001370
1895	0.001650
1896	0.001320
1897	0.001390
1898	0.001410
1899	0.001490
1900	0.001350
1901	0.001410
1902	0.001290
1903	0.001190
1904	0.000820
1905	0.001110
1906	0.001360
1907	0.001210
1908	0.001140
1909	0.001080
1910	0.001100
1911	0.000890
1912	0.001200
1913	0.001200
1914	0.001110
1915	0.001050
1916	0.000890
1917	0.000930
1918	0.000890
1919	0.000960
1920	0.000760
1921	0.000690
1922	0.000850
1923	0.000650
1924	0.001200
1925	0.000880
1926	0.000930
1927	0.000690
1928	0.000710
1929	0.000590
1930	0.000610
1931	0.000770
1932	0.000660
1933	0.000800
1934	0.000640
1935	0.000780
1936	0.000620
1937	0.000660
1938	0.000510
1939	0.000600
1940	0.000680
1941	0.000540
1942	0.000680
1943	0.000630
1944	0.000460
1945	0.000560
1946	0.000510
1947	0.000530
1948	0.000410
1949	0.000550
1950	0.000460
1951	0.000480
1952	0.000490
1953	0.000330
1954	0.000520
1955	0.000470
1956	0.000350
1957	0.000450
1958	0.000320
1959	0.000280
1960	0.000370
1961	0.000280
1962	0.000310
1963	0.000180
1964	0.000390
1965	0.000230
1966	0.000310
1967	0.000270
1968	0.000350
1969	0.000200
1970	0.000250
1971	0.000380
1972	0.000310
1973	0.000300
1974	0.000230
1975	0.000220
1976	0.000190
1977	0.000250
1978	0.000210
1979	0.000250
1980	0.000210
1981	0.000220
1982	0.000240
1983	0.000200
1984	0.000230
1985	0.000230
1986	0.000230
1987	0.000150
1988	0.000240
1989	0.000210
1990	0.000220
1991	0.000160
1992	0.000160
1993	0.000170
1994	0.000250
1995	0.000150
1996	0.000170
1997	0.000120
1998	0.000160
1999	0.000130
2000	0.000170
2001	0.000090
2002	0.000070
2003	0.000100
2004	0.000110
2005	0.000090
2006	0.000100
2007	0.000110
2008	0.000140
2009	0.000090
2010	0.000130
2011	0.000130
2012	0.000120
2013	0.000060
2014	0.000070
2015	0.000040
2016	0.000070
2017	0.000060
2018	0.000050
2019	0.000040
2020	0.000040
2021	0.000070
2022	0.000080
2023	0.000020
2024	0.000090
2025	0.000120
2026	0.000050
2027	0.000050
2028	0.000080
2029	0.000040
2030	0.000050
2031	0.000070
2032	0.000070
2033	0.000050
2034	0.000020
2035	0.000060
2036	0.000030
2037	0.000040
2038	0.000010
2039	0.000050
2040	0.000000
2041	0.000010
2042	0.000040
2043	0.000020
2044	0.000060
2045	0.000060
2046	0.000040
2047	0.000050
2048	0.000050
2049	0.000020
2050	0.000070
2051	0.000010
2052	0.000030
2053	0.000020
2054	0.000030
2055	0.000050
2056	0.000010
2057	0.000030
2058	0.000030
2059	0.000030
2060	0.000010
2061	0.000030
2062	0.000010
2063	0.000030
2064	0.000000
2065	0.000000
2066	0.000020
2067	0.000000
2068	0.000000
2069	0.000000
2070	0.000010
2071	0.000010
2072	0.000000
2073	0.000000
2074	0.000040
2075	0.000020
2076	0.000010
2077	0.000020
2078	0.000000
2079	0.000060
2080	0.000000
2081	0.000020
2082	0.000010
2083	0.000020
2084	0.000010
2085	0.000000
2086	0.000000
2087	0.000000
2088	0.000000
2089	0.000000
2090	0.000010
2091	0.000010
2092	0.000000
2093	0.000020
2094	0.000000
2095	0.000000
2096	0.000000
2097	0.000010
2098	0.000010
2099	0.000000
2100	0.000000
2101	0.000000
2102	0.000000
2103	0.000000
2104	0.000000
2105	0.000000
2106	0.000000
2107	0.000000
2108	0.000010
2109	0.000000
2110	0.000010
2111	0.000000
2112	0.000010
2113	0.000000
2114	0.000000
2115	0.000000
2116	0.000000
2117	0.000000
2118	0.000000
2119	0.000000
2120	0.000000
2121	0.000000
2122	0.000010
2123	0.000000
2124	0.000000
2125	0.000000
2126	0.000000
2127	0.000000
2128	0.000000
2129	0.000010
2130	0.000010
2131	0.000000
2132	0.000000
2133	0.000000
2134	0.000000
2135	0.000000
2136	0.000000
2137	0.000000
2138	0.000000
2139	0.000000
2140	0.000000
2141	0.000000
2142	0.000000
2143	0.000000
2144	0.000000
2145	0.000000
2146	0.000000
2147	0.000000
2148	0.000010
2149	0.000000
2150	0.000000
2151	0.000000
2152	0.000000
2153	0.000000
2154	0.000000
2155	0.000000
2156	0.000000
2157	0.000000
2158	0.000000
2159	0.000000
2160	0.000000
2161	0.000000
2162	0.000000
2163	0.000000
2164	0.000000
2165	0.000000
2166	0.000000
2167	0.000000
2168	0.000000
2169	0.000000
2170	0.000000
2171	0.000010
2172	0.000000
2173	0.000000
2174	0.000000
2175	0.000000
2176	0.000000
2177	0.000000
2178	0.000000
2179	0.000000
2180	0.000010
2181	0.000000
2182	0.000000
2183	0.000000
2184	0.000000
2185	0.000000
2186	0.000000
2187	0.000000
2188	0.000000
2189	0.000000
2190	0.000000
2191	0.000000
2192	0.000000
2193	0.000000
2194	0.000000
2195	0.000000
2196	0.000000
2197	0.000000
2198	0.000010
