0	0.000000
1	0.000000
2	0.000000
3	0.000000
4	0.000000
5	0.000000
6	0.000000
7	0.000000
8	0.000000
9	0.000000
10	0.000000
11	0.000000
12	0.000000
13	0.000000
14	0.000000
15	0.000000
16	0.000000
17	0.000000
18	0.000000
19	0.000000
20	0.000000
21	0.000000
22	0.000000
23	0.000000
24	0.000000
25	0.000000
26	0.000000
27	0.000000
28	0.000000
29	0.000000
30	0.000000
31	0.000000
32	0.000000
33	0.000000
34	0.000000
35	0.000000
36	0.000000
37	0.000000
38	0.000000
39	0.000000
40	0.000000
41	0.000000
42	0.000000
43	0.000000
44	0.000000
45	0.000000
46	0.000000
47	0.000000
48	0.000000
49	0.000000
50	0.000000
51	0.000000
52	0.000000
53	0.000000
54	0.000000
55	0.000000
56	0.000000
57	0.000000
58	0.000000
59	0.000000
60	0.000000
61	0.000000
62	0.000000
63	0.000000
64	0.000000
65	0.000000
66	0.000000
67	0.000000
68	0.000000
69	0.000000
70	0.000000
71	0.000000
72	0.000000
73	0.000000
74	0.000000
75	0.000000
76	0.000000
77	0.000000
78	0.000000
79	0.000000
80	0.000000
81	0.000000
82	0.000000
83	0.000000
84	0.000000
85	0.000000
86	0.000000
87	0.000000
88	0.000000
89	0.000000
90	0.000000
91	0.000000
92	0.000000
93	0.000000
94	0.000000
95	0.000000
96	0.000000
97	0.000000
98	0.000000
99	0.000000
100	0.000000
101	0.000000
102	0.000000
103	0.000000
104	0.000000
105	0.000000
106	0.000000
107	0.000000
108	0.000000
109	0.000000
110	0.000000
111	0.000000
112	0.000000
113	0.000000
114	0.000000
115	0.000000
116	0.000000
117	0.000000
118	0.000000
119	0.000000
120	0.000000
121	0.000000
122	0.000000
123	0.000000
124	0.000000
125	0.000000
126	0.000000
127	0.000000
128	0.000000
129	0.000000
130	0.000000
131	0.000000
132	0.000000
133	0.000000
134	0.000000
135	0.000000
136	0.000000
137	0.000000
138	0.000000
139	0.000000
140	0.000000
141	0.000000
142	0.000000
143	0.000000
144	0.000000
145	0.000000
146	0.000000
147	0.000000
148	0.000000
149	0.000000
150	0.000000
151	0.000000
152	0.000000
153	0.000000
154	0.000000
155	0.000000
156	0.000000
157	0.000000
158	0.000000
159	0.000000
160	0.000000
161	0.000000
162	0.000000
163	0.000000
164	0.000000
165	0.000000
166	0.000000
167	0.000000
168	0.000000
169	0.000000
170	0.000000
171	0.000000
172	0.000000
173	0.000000
174	0.000000
175	0.000000
176	0.000000
177	0.000000
178	0.000000
179	0.000000
180	0.000000
181	0.000000
182	0.000000
183	0.000000
184	0.000000
185	0.000000
186	0.000000
187	0.000000
188	0.000000
189	0.000000
190	0.000000
191	0.000000
192	0.000000
193	0.000000
194	0.000000
195	0.000000
196	0.000000
197	0.000000
198	0.000000
199	0.000000
200	0.000000
201	0.000000
202	0.000000
203	0.000000
204	0.000000
205	0.000000
206	0.000000
207	0.000000
208	0.000000
209	0.000000
210	0.000000
211	0.000000
212	0.000000
213	0.000000
214	0.000000
215	0.000000
216	0.000000
217	0.000000
218	0.000000
219	0.000000
220	0.000000
221	0.000000
222	0.000000
223	0.000000
224	0.000000
225	0.000000
226	0.000000
227	0.000000
228	0.000000
229	0.000000
230	0.000000
231	0.000000
232	0.000000
233	0.000000
234	0.000000
235	0.000000
236	0.000000
237	0.000000
238	0.000000
239	0.000000
240	0.000000
241	0.000000
242	0.000000
243	0.000000
244	0.000000
245	0.000000
246	0.000000
247	0.000000
248	0.000000
249	0.000000
250	0.000000
251	0.000000
252	0.000000
253	0.000000
254	0.000000
255	0.000000
256	0.000000
257	0.000000
258	0.000000
259	0.000000
260	0.000000
261	0.000000
262	0.000000
263	0.000000
264	0.000000
265	0.000000
266	0.000000
267	0.000000
268	0.000000
269	0.000000
270	0.000000
271	0.000000
272	0.000000
273	0.000000
274	0.000000
275	0.000000
276	0.000000
277	0.000000
278	0.000000
279	0.000000
280	0.000000
281	0.000000
282	0.000000
283	0.000000
284	0.000000
285	0.000000
286	0.000000
287	0.000000
288	0.000000
289	0.000000
290	0.000000
291	0.000000
292	0.000000
293	0.000000
294	0.000000
295	0.000000
296	0.000000
297	0.000000
298	0.000000
299	0.000000
300	0.000000
301	0.000000
302	0.000000
303	0.000000
304	0.000000
305	0.000000
306	0.000000
307	0.000000
308	0.000000
309	0.000000
310	0.000000
311	0.000000
312	0.000000
313	0.000000
314	0.000000
315	0.000000
316	0.000000
317	0.000000
318	0.000000
319	0.000000
320	0.000000
321	0.000000
322	0.000000
323	0.000000
324	0.000000
325	0.000000
326	0.000000
327	0.000000
328	0.000000
329	0.000000
330	0.000000
331	0.000000
332	0.000000
333	0.000000
334	0.000000
335	0.000000
336	0.000000
337	0.000000
338	0.000000
339	0.000000
340	0.000000
341	0.000000
342	0.000000
343	0.000000
344	0.000000
345	0.000000
346	0.000000
347	0.000000
348	0.000000
349	0.000000
350	0.000000
351	0.000000
352	0.000000
353	0.000000
354	0.000000
355	0.000000
356	0.000000
357	0.000000
358	0.000000
359	0.000000
360	0.000000
361	0.000000
362	0.000000
363	0.000000
364	0.000000
365	0.000000
366	0.000000
367	0.000000
368	0.000000
369	0.000000
370	0.000000
371	0.000000
372	0.000000
373	0.000000
374	0.000000
375	0.000000
376	0.000000
377	0.000000
378	0.000000
379	0.000000
380	0.000000
381	0.000000
382	0.000000
383	0.000000
384	0.000000
385	0.000000
386	0.000000
387	0.000000
388	0.000000
389	0.000000
390	0.000000
391	0.000000
392	0.000000
393	0.000000
394	0.000000
395	0.000000
396	0.000000
397	0.000000
398	0.000000
399	0.000000
400	0.000000
401	0.000000
402	0.000000
403	0.000000
404	0.000000
405	0.000000
406	0.000000
407	0.000000
408	0.000000
409	0.000000
410	0.000000
411	0.000000
412	0.000000
413	0.000000
414	0.000000
415	0.000000
416	0.000000
417	0.000000
418	0.000000
419	0.000000
420	0.000000
421	0.000000
422	0.000000
423	0.000000
424	0.000000
425	0.000000
426	0.000000
427	0.000000
428	0.000000
429	0.000000
430	0.000000
431	0.000000
432	0.000000
433	0.000000
434	0.000000
435	0.000000
436	0.000000
437	0.000000
438	0.000000
439	0.000000
440	0.000000
441	0.000000
442	0.000000
443	0.000000
444	0.000000
445	0.000000
446	0.000000
447	0.000000
448	0.000000
449	0.000000
450	0.000000
451	0.000000
452	0.000000
453	0.000000
454	0.000000
455	0.000000
456	0.000000
457	0.000000
458	0.000000
459	0.000000
460	0.000000
461	0.000000
462	0.000000
463	0.000000
464	0.000000
465	0.000000
466	0.000000
467	0.000000
468	0.000000
469	0.000000
470	0.000000
471	0.000000
472	0.000000
473	0.000000
474	0.000000
475	0.000000
476	0.000000
477	0.000000
478	0.000000
479	0.000000
480	0.000000
481	0.000000
482	0.000000
483	0.000000
484	0.000000
485	0.000000
486	0.000000
487	0.000000
488	0.000000
489	0.000000
490	0.000000
491	0.000000
492	0.000000
493	0.000000
494	0.000000
495	0.000000
496	0.000000
497	0.000000
498	0.000000
499	0.000000
500	0.000000
501	0.000000
502	0.000000
503	0.000000
504	0.000000
505	0.000000
506	0.000000
507	0.000000
508	0.000000
509	0.000000
510	0.000000
511	0.000000
512	0.000000
513	0.000000
514	0.000000
515	0.000000
516	0.000000
517	0.000000
518	0.000000
519	0.000000
520	0.000000
521	0.000000
522	0.000000
523	0.000000
524	0.000000
525	0.000000
526	0.000000
527	0.000000
528	0.000000
529	0.000000
530	0.000000
531	0.000000
532	0.000000
533	0.000000
534	0.000000
535	0.000000
536	0.000000
537	0.000000
538	0.000000
539	0.000000
540	0.000000
541	0.000000
542	0.000000
543	0.000000
544	0.000000
545	0.000000
546	0.000000
547	0.000000
548	0.000000
549	0.000000
550	0.000000
551	0.000000
552	0.000000
553	0.000000
554	0.000000
555	0.000000
556	0.000000
557	0.000000
558	0.000000
559	0.000000
560	0.000000
561	0.000000
562	0.000000
563	0.000000
564	0.000000
565	0.000000
566	0.000000
567	0.000000
568	0.000000
569	0.000000
570	0.000000
571	0.000000
572	0.000000
573	0.000000
574	0.000000
575	0.000000
576	0.000000
577	0.000000
578	0.000000
579	0.000000
580	0.000000
581	0.000000
582	0.000000
583	0.000000
584	0.000000
585	0.000000
586	0.000000
587	0.000000
588	0.000000
589	0.000000
590	0.000000
591	0.000000
592	0.000000
593	0.000000
594	0.000000
595	0.000000
596	0.000000
597	0.000000
598	0.000000
599	0.000000
600	0.000000
601	0.000000
602	0.000000
603	0.000000
604	0.000000
605	0.000000
606	0.000000
607	0.000000
608	0.000000
609	0.000000
610	0.000000
611	0.000000
612	0.000000
613	0.000000
614	0.000000
615	0.000000
616	0.000000
617	0.000000
618	0.000000
619	0.000000
620	0.000000
621	0.000000
622	0.000000
623	0.000000
624	0.000000
625	0.000000
626	0.000000
627	0.000000
628	0.000000
629	0.000000
630	0.000000
631	0.000000
632	0.000000
633	0.000000
634	0.000000
635	0.000000
636	0.000000
637	0.000000
638	0.000000
639	0.000000
640	0.000000
641	0.000000
642	0.000000
643	0.000000
644	0.000000
645	0.000000
646	0.000000
647	0.000000
648	0.000000
649	0.000000
650	0.000000
651	0.000000
652	0.000000
653	0.000000
654	0.000000
655	0.000000
656	0.000000
657	0.000000
658	0.000000
659	0.000000
660	0.000000
661	0.000000
662	0.000000
663	0.000000
664	0.000000
665	0.000000
666	0.000000
667	0.000000
668	0.000000
669	0.000000
670	0.000000
671	0.000000
672	0.000000
673	0.000000
674	0.000000
675	0.000000
676	0.000000
677	0.000000
678	0.000000
679	0.000000
680	0.000000
681	0.000000
682	0.000000
683	0.000000
684	0.000000
685	0.000000
686	0.000000
687	0.000000
688	0.000000
689	0.000000
690	0.000000
691	0.000000
692	0.000000
693	0.000000
694	0.000000
695	0.000000
696	0.000000
697	0.000000
698	0.000000
699	0.000000
700	0.000000
701	0.000000
702	0.000000
703	0.000000
704	0.000000
705	0.000000
706	0.000000
707	0.000000
708	0.000000
709	0.000000
710	0.000000
711	0.000000
712	0.000000
713	0.000000
714	0.000000
715	0.000000
716	0.000000
717	0.000000
718	0.000000
719	0.000000
720	0.000000
721	0.000000
722	0.000000
723	0.000000
724	0.000000
725	0.000000
726	0.000000
727	0.000000
728	0.000000
729	0.000000
730	0.000000
731	0.000000
732	0.000000
733	0.000000
734	0.000000
735	0.000000
736	0.000000
737	0.000000
738	0.000000
739	0.000000
740	0.000000
741	0.000000
742	0.000000
743	0.000000
744	0.000000
745	0.000000
746	0.000000
747	0.000000
748	0.000000
749	0.000000
750	0.000000
751	0.000000
752	0.000000
753	0.000000
754	0.000000
755	0.000000
756	0.000000
757	0.000000
758	0.000000
759	0.000000
760	0.000000
761	0.000000
762	0.000000
763	0.000000
764	0.000000
765	0.000000
766	0.000000
767	0.000000
768	0.000000
769	0.000000
770	0.000000
771	0.000000
772	0.000000
773	0.000000
774	0.000000
775	0.000000
776	0.000000
777	0.000000
778	0.000000
779	0.000000
780	0.000000
781	0.000000
782	0.000000
783	0.000000
784	0.000000
785	0.000000
786	0.000000
787	0.000000
788	0.000000
789	0.000000
790	0.000000
791	0.000000
792	0.000000
793	0.000000
794	0.000000
795	0.000000
796	0.000000
797	0.000000
798	0.000000
799	0.000000
800	0.000000
801	0.000000
802	0.000000
803	0.000000
804	0.000000
805	0.000000
806	0.000000
807	0.000000
808	0.000000
809	0.000000
810	0.000000
811	0.000000
812	0.000000
813	0.000000
814	0.000000
815	0.000000
816	0.000000
817	0.000000
818	0.000000
819	0.000000
820	0.000000
821	0.000000
822	0.000000
823	0.000000
824	0.000000
825	0.000000
826	0.000000
827	0.000000
828	0.000000
829	0.000000
830	0.000000
831	0.000000
832	0.000000
833	0.000000
834	0.000000
835	0.000000
836	0.000000
837	0.000000
838	0.000000
839	0.000000
840	0.000000
841	0.000000
842	0.000000
843	0.000000
844	0.000000
845	0.000000
846	0.000000
847	0.000000
848	0.000000
849	0.000000
850	0.000000
851	0.000000
852	0.000000
853	0.000000
854	0.000000
855	0.000000
856	0.000000
857	0.000000
858	0.000000
859	0.000000
860	0.000000
861	0.000000
862	0.000000
863	0.000000
864	0.000000
865	0.000000
866	0.000000
867	0.000000
868	0.000000
869	0.000000
870	0.000000
871	0.000000
872	0.000000
873	0.000000
874	0.000000
875	0.000000
876	0.000000
877	0.000000
878	0.000000
879	0.000000
880	0.000000
881	0.000000
882	0.000000
883	0.000000
884	0.000000
885	0.000000
886	0.000000
887	0.000000
888	0.000000
889	0.000000
890	0.000000
891	0.000000
892	0.000000
893	0.000000
894	0.000000
895	0.000000
896	0.000000
897	0.000000
898	0.000000
899	0.000000
900	0.000000
901	0.000000
902	0.000000
903	0.000000
904	0.000000
905	0.000000
906	0.000000
907	0.000000
908	0.000000
909	0.000000
910	0.000000
911	0.000000
912	0.000000
913	0.000000
914	0.000000
915	0.000000
916	0.000000
917	0.000000
918	0.000000
919	0.000000
920	0.000000
921	0.000000
922	0.000000
923	0.000000
924	0.000000
925	0.000000
926	0.000000
927	0.000000
928	0.000000
929	0.000000
930	0.000000
931	0.000000
932	0.000000
933	0.000000
934	0.000000
935	0.000000
936	0.000000
937	0.000000
938	0.000000
939	0.000000
940	0.000000
941	0.000000
942	0.000000
943	0.000000
944	0.000000
945	0.000000
946	0.000000
947	0.000000
948	0.000000
949	0.000000
950	0.000000
951	0.000000
952	0.000000
953	0.000000
954	0.000000
955	0.000000
956	0.000000
957	0.000000
958	0.000000
959	0.000000
960	0.000000
961	0.000000
962	0.000000
963	0.000000
964	0.000000
965	0.000000
966	0.000000
967	0.000000
968	0.000000
969	0.000000
970	0.000000
971	0.000000
972	0.000000
973	0.000000
974	0.000000
975	0.000000
976	0.000000
977	0.000000
978	0.000000
979	0.000000
980	0.000000
981	0.000000
982	0.000000
983	0.000000
984	0.000000
985	0.000000
986	0.000000
987	0.000000
988	0.000000
989	0.000000
990	0.000000
991	0.000000
992	0.000000
993	0.000000
994	0.000000
995	0.000000
996	0.000000
997	0.000000
998	0.000000
999	0.000000
1000	0.000000
1001	0.000000
1002	0.000000
1003	0.000000
1004	0.000000
1005	0.000000
1006	0.000000
1007	0.000000
1008	0.000000
1009	0.000000
1010	0.000000
1011	0.000000
1012	0.000000
1013	0.000000
1014	0.000000
1015	0.000000
1016	0.000000
1017	0.000000
1018	0.000000
1019	0.000000
1020	0.000000
1021	0.000000
1022	0.000000
1023	0.000000
1024	0.000000
1025	0.000000
1026	0.000000
1027	0.000000
1028	0.000000
1029	0.000000
1030	0.000000
1031	0.000000
1032	0.000000
1033	0.000000
1034	0.000000
1035	0.000000
1036	0.000000
1037	0.000000
1038	0.000000
1039	0.000000
1040	0.000000
1041	0.000000
1042	0.000000
1043	0.000000
1044	0.000000
1045	0.000000
1046	0.000000
1047	0.000000
1048	0.000000
1049	0.000000
1050	0.000000
1051	0.000000
1052	0.000000
1053	0.000000
1054	0.000000
1055	0.000000
1056	0.000000
1057	0.000000
1058	0.000000
1059	0.000000
1060	0.000000
1061	0.000000
1062	0.000000
1063	0.000000
1064	0.000000
1065	0.000000
1066	0.000000
1067	0.000000
1068	0.000000
1069	0.000000
1070	0.000000
1071	0.000000
1072	0.000000
1073	0.000000
1074	0.000000
1075	0.000000
1076	0.000000
1077	0.000000
1078	0.000000
1079	0.000000
1080	0.000000
1081	0.000000
1082	0.000000
1083	0.000000
1084	0.000000
1085	0.000000
1086	0.000000
1087	0.000000
1088	0.000000
1089	0.000000
1090	0.000000
1091	0.000000
1092	0.000000
1093	0.000000
1094	0.000000
1095	0.000000
1096	0.000000
1097	0.000000
1098	0.000000
1099	0.000000
1100	0.000000
1101	0.000000
1102	0.000000
1103	0.000000
1104	0.000000
1105	0.000000
1106	0.000000
1107	0.000000
1108	0.000000
1109	0.000000
1110	0.000000
1111	0.000000
1112	0.000000
1113	0.000000
1114	0.000000
1115	0.000000
1116	0.000000
1117	0.000000
1118	0.000000
1119	0.000000
1120	0.000000
1121	0.000000
1122	0.000000
1123	0.000000
1124	0.000000
1125	0.000000
1126	0.000000
1127	0.000000
1128	0.000000
1129	0.000000
1130	0.000000
1131	0.000000
1132	0.000000
1133	0.000000
1134	0.000000
1135	0.000000
1136	0.000000
1137	0.000000
1138	0.000000
1139	0.000000
1140	0.000000
1141	0.000000
1142	0.000000
1143	0.000000
1144	0.000000
1145	0.000000
1146	0.000000
1147	0.000000
1148	0.000000
1149	0.000000
1150	0.000000
1151	0.000000
1152	0.000000
1153	0.000000
1154	0.000000
1155	0.000000
1156	0.000000
1157	0.000000
1158	0.000000
1159	0.000000
1160	0.000000
1161	0.000000
1162	0.000000
1163	0.000000
1164	0.000000
1165	0.000000
1166	0.000000
1167	0.000000
1168	0.000000
1169	0.000000
1170	0.000000
1171	0.000000
1172	0.000000
1173	0.000000
1174	0.000000
1175	0.000000
1176	0.000000
1177	0.000000
1178	0.000000
1179	0.000000
1180	0.000000
1181	0.000000
1182	0.000000
1183	0.000000
1184	0.000000
1185	0.000000
1186	0.000000
1187	0.000000
1188	0.000000
1189	0.000000
1190	0.000000
1191	0.000000
1192	0.000000
1193	0.000000
1194	0.000000
1195	0.000000
1196	0.000000
1197	0.000000
1198	0.000000
1199	0.000000
1200	0.000000
1201	0.000000
1202	0.000000
1203	0.000000
1204	0.000000
1205	0.000000
1206	0.000000
1207	0.000000
1208	0.000000
1209	0.000000
1210	0.000000
1211	0.000000
1212	0.000000
1213	0.000000
1214	0.000000
1215	0.000000
1216	0.000000
1217	0.000000
1218	0.000000
1219	0.000000
1220	0.000000
1221	0.000000
1222	0.000000
1223	0.000000
1224	0.000000
1225	0.000000
1226	0.000000
1227	0.000000
1228	0.000000
1229	0.000000
1230	0.000000
1231	0.000000
1232	0.000000
1233	0.000000
1234	0.000000
1235	0.000000
1236	0.000000
1237	0.000000
1238	0.000000
1239	0.000000
1240	0.000000
1241	0.000000
1242	0.000000
1243	0.000000
1244	0.000000
1245	0.000000
1246	0.000000
1247	0.000000
1248	0.000000
1249	0.000000
1250	0.000000
1251	0.000000
1252	0.000000
1253	0.000000
1254	0.000000
1255	0.000000
1256	0.000000
1257	0.000000
1258	0.000000
1259	0.000000
1260	0.000000
1261	0.000000
1262	0.000000
1263	0.000000
1264	0.000000
1265	0.000000
1266	0.000000
1267	0.000000
1268	0.000000
1269	0.000000
1270	0.000000
1271	0.000000
1272	0.000000
1273	0.000000
1274	0.000000
1275	0.000000
1276	0.000000
1277	0.000000
1278	0.000000
1279	0.000000
1280	0.000000
1281	0.000000
1282	0.000000
1283	0.000000
1284	0.000000
1285	0.000000
1286	0.000000
1287	0.000000
1288	0.000000
1289	0.000000
1290	0.000000
1291	0.000000
1292	0.000000
1293	0.000000
1294	0.000000
1295	0.000000
1296	0.000000
1297	0.000000
1298	0.000000
1299	0.000000
1300	0.000000
1301	0.000000
1302	0.000000
1303	0.000000
1304	0.000000
1305	0.000000
1306	0.000000
1307	0.000000
1308	0.000000
1309	0.000000
1310	0.000000
1311	0.000000
1312	0.000000
1313	0.000000
1314	0.000000
1315	0.000000
1316	0.000000
1317	0.000000
1318	0.000000
1319	0.000000
1320	0.000000
1321	0.000000
1322	0.000000
1323	0.000000
1324	0.000000
1325	0.000000
1326	0.000000
1327	0.000000
1328	0.000000
1329	0.000000
1330	0.000000
1331	0.000000
1332	0.000000
1333	0.000000
1334	0.000000
1335	0.000000
1336	0.000000
1337	0.000000
1338	0.000000
1339	0.000000
1340	0.000000
1341	0.000000
1342	0.000000
1343	0.000000
1344	0.000000
1345	0.000000
1346	0.000000
1347	0.000000
1348	0.000000
1349	0.000000
1350	0.000000
1351	0.000000
1352	0.000000
1353	0.000000
1354	0.000000
1355	0.000000
1356	0.000000
1357	0.000000
1358	0.000000
1359	0.000000
1360	0.000000
1361	0.000000
1362	0.000000
1363	0.000000
1364	0.000000
1365	0.000000
1366	0.000000
1367	0.000000
1368	0.000000
1369	0.000000
1370	0.000000
1371	0.000000
1372	0.000000
1373	0.000000
1374	0.000000
1375	0.000000
1376	0.000000
1377	0.000000
1378	0.000000
1379	0.000000
1380	0.000000
1381	0.000000
1382	0.000000
1383	0.000000
1384	0.000000
1385	0.000000
1386	0.000000
1387	0.000000
1388	0.000000
1389	0.000000
1390	0.000000
1391	0.000000
1392	0.000000
1393	0.000000
1394	0.000000
1395	0.000000
1396	0.000000
1397	0.000000
1398	0.000000
1399	0.000000
1400	0.000000
1401	0.000000
1402	0.000000
1403	0.000000
1404	0.000000
1405	0.000000
1406	0.000000
1407	0.000000
1408	0.000000
1409	0.000000
1410	0.000000
1411	0.000000
1412	0.000000
1413	0.000000
1414	0.000000
1415	0.000000
1416	0.000000
1417	0.000000
1418	0.000000
1419	0.000000
1420	0.000000
1421	0.000000
1422	0.000000
1423	0.000000
1424	0.000000
1425	0.000000
1426	0.000000
1427	0.000000
1428	0.000000
1429	0.000000
1430	0.000000
1431	0.000000
1432	0.000000
1433	0.000000
1434	0.000000
1435	0.000000
1436	0.000000
1437	0.000000
1438	0.000000
1439	0.000000
1440	0.000000
1441	0.000000
1442	0.000000
1443	0.000000
1444	0.000000
1445	0.000000
1446	0.000000
1447	0.000000
1448	0.000000
1449	0.000000
1450	0.000000
1451	0.000000
1452	0.000000
1453	0.000000
1454	0.000000
1455	0.000000
1456	0.000000
1457	0.000000
1458	0.000000
1459	0.000000
1460	0.000000
1461	0.000000
1462	0.000000
1463	0.000000
1464	0.000000
1465	0.000000
1466	0.000000
1467	0.000000
1468	0.000000
1469	0.000000
1470	0.000000
1471	0.000000
1472	0.000000
1473	0.000000
1474	0.000000
1475	0.000000
1476	0.000000
1477	0.000000
1478	0.000000
1479	0.000000
1480	0.000000
1481	0.000000
1482	0.000000
1483	0.000000
1484	0.000000
1485	0.000000
1486	0.000000
1487	0.000000
1488	0.000000
1489	0.000000
1490	0.000000
1491	0.000000
1492	0.000000
1493	0.000000
1494	0.000000
1495	0.000000
1496	0.000000
1497	0.000000
1498	0.000000
1499	0.000000
1500	0.000000
1501	0.000000
1502	0.000000
1503	0.000000
1504	0.000000
1505	0.000000
1506	0.000000
1507	0.000000
1508	0.000000
1509	0.000000
1510	0.000000
1511	0.000000
1512	0.000000
1513	0.000000
1514	0.000000
1515	0.000000
1516	0.000000
1517	0.000000
1518	0.000000
1519	0.000000
1520	0.000000
1521	0.000000
1522	0.000000
1523	0.000000
1524	0.000000
1525	0.000000
1526	0.000000
1527	0.000000
1528	0.000000
1529	0.000000
1530	0.000000
1531	0.000000
1532	0.000000
1533	0.000000
1534	0.000000
1535	0.000000
1536	0.000000
1537	0.000000
1538	0.000000
1539	0.000000
1540	0.000000
1541	0.000000
1542	0.000000
1543	0.000000
1544	0.000000
1545	0.000000
1546	0.000000
1547	0.000000
1548	0.000000
1549	0.000000
1550	0.000000
1551	0.000000
1552	0.000000
1553	0.000000
1554	0.000000
1555	0.000000
1556	0.000000
1557	0.000000
1558	0.000000
1559	0.000000
1560	0.000000
1561	0.000000
1562	0.000000
1563	0.000000
1564	0.000000
1565	0.000000
1566	0.000000
1567	0.000000
1568	0.000000
1569	0.000000
1570	0.000000
1571	0.000000
1572	0.000000
1573	0.000000
1574	0.000000
1575	0.000000
1576	0.000000
1577	0.000000
1578	0.000000
1579	0.000000
1580	0.000000
1581	0.000000
1582	0.000000
1583	0.000000
1584	0.000000
1585	0.000000
1586	0.000000
1587	0.000000
1588	0.000000
1589	0.000000
1590	0.000000
1591	0.000000
1592	0.000000
1593	0.000000
1594	0.000000
1595	0.000000
1596	0.000000
1597	0.000000
1598	0.000000
1599	0.000000
1600	0.000000
1601	0.000000
1602	0.000000
1603	0.000000
1604	0.000000
1605	0.000000
1606	0.000000
1607	0.000000
1608	0.000000
1609	0.000000
1610	0.000000
1611	0.000000
1612	0.000000
1613	0.000000
1614	0.000000
1615	0.000000
1616	0.000000
1617	0.000000
1618	0.000000
1619	0.000000
1620	0.000000
1621	0.000000
1622	0.000000
1623	0.000000
1624	0.000000
1625	0.000000
1626	0.000000
1627	0.000000
1628	0.000000
1629	0.000000
1630	0.000000
1631	0.000000
1632	0.000000
1633	0.000000
1634	0.000000
1635	0.000000
1636	0.000000
1637	0.000000
1638	0.000000
1639	0.000000
1640	0.000000
1641	0.000000
1642	0.000000
1643	0.000000
1644	0.000000
1645	0.000000
1646	0.000000
1647	0.000000
1648	0.000000
1649	0.000000
1650	0.000000
1651	0.000000
1652	0.000000
1653	0.000000
1654	0.000000
1655	0.000000
1656	0.000000
1657	0.000000
1658	0.000000
1659	0.000000
1660	0.000000
1661	0.000000
1662	0.000000
1663	0.000000
1664	0.000000
1665	0.000000
1666	0.000000
1667	0.000000
1668	0.000000
1669	0.000000
1670	0.000000
1671	0.000000
1672	0.000000
1673	0.000000
1674	0.000000
1675	0.000000
1676	0.000000
1677	0.000000
1678	0.000000
1679	0.000000
1680	0.000000
1681	0.000000
1682	0.000000
1683	0.000000
1684	0.000000
1685	0.000000
1686	0.000000
1687	0.000000
1688	0.000000
1689	0.000000
1690	0.000000
1691	0.000000
1692	0.000000
1693	0.000000
1694	0.000000
1695	0.000000
1696	0.000000
1697	0.000000
1698	0.000000
1699	0.000000
1700	0.000000
1701	0.000000
1702	0.000000
1703	0.000000
1704	0.000000
1705	0.000000
1706	0.000000
1707	0.000000
1708	0.000000
1709	0.000000
1710	0.000000
1711	0.000000
1712	0.000000
1713	0.000000
1714	0.000000
1715	0.000000
1716	0.000000
1717	0.000000
1718	0.000000
1719	0.000000
1720	0.000000
1721	0.000000
1722	0.000000
1723	0.000000
1724	0.000000
1725	0.000000
1726	0.000000
1727	0.000000
1728	0.000000
1729	0.000000
1730	0.000000
1731	0.000000
1732	0.000000
1733	0.000000
1734	0.000000
1735	0.000000
1736	0.000000
1737	0.000000
1738	0.000000
1739	0.000000
1740	0.000000
1741	0.000000
1742	0.000000
1743	0.000000
1744	0.000000
1745	0.000000
1746	0.000000
1747	0.000000
1748	0.000000
1749	0.000000
1750	0.000000
1751	0.000000
1752	0.000000
1753	0.000000
1754	0.000000
1755	0.000000
1756	0.000000
1757	0.000000
1758	0.000000
1759	0.000000
1760	0.000000
1761	0.000000
1762	0.000000
1763	0.000000
1764	0.000000
1765	0.000000
1766	0.000000
1767	0.000000
1768	0.000000
1769	0.000000
1770	0.000000
1771	0.000000
1772	0.000000
1773	0.000000
1774	0.000000
1775	0.000000
1776	0.000000
1777	0.000000
1778	0.000000
1779	0.000000
1780	0.000000
1781	0.000000
1782	0.000000
1783	0.000000
1784	0.000000
1785	0.000000
1786	0.000000
1787	0.000000
1788	0.000000
1789	0.000000
1790	0.000000
1791	0.000000
1792	0.000000
1793	0.000000
1794	0.000000
1795	0.000000
1796	0.000000
1797	0.000000
1798	0.000000
1799	0.000000
1800	0.000000
1801	0.000000
1802	0.000000
1803	0.000000
1804	0.000000
1805	0.000000
1806	0.000000
1807	0.000000
1808	0.000000
1809	0.000000
1810	0.000000
1811	0.000000
1812	0.000000
1813	0.000000
1814	0.000000
1815	0.000000
1816	0.000000
1817	0.000000
1818	0.000000
1819	0.000000
1820	0.000000
1821	0.000000
1822	0.000000
1823	0.000000
1824	0.000000
1825	0.000000
1826	0.000000
1827	0.000000
1828	0.000000
1829	0.000000
1830	0.000000
1831	0.000000
1832	0.000000
1833	0.000000
1834	0.000000
1835	0.000000
1836	0.000000
1837	0.000000
1838	0.000000
1839	0.000000
1840	0.000000
1841	0.000000
1842	0.000000
1843	0.000000
1844	0.000000
1845	0.000000
1846	0.000000
1847	0.000000
1848	0.000000
1849	0.000000
1850	0.000000
1851	0.000000
1852	0.000000
1853	0.000000
1854	0.000000
1855	0.000000
1856	0.000000
1857	0.000000
1858	0.000000
1859	0.000000
1860	0.000000
1861	0.000000
1862	0.000000
1863	0.000000
1864	0.000000
1865	0.000000
1866	0.000000
1867	0.000000
1868	0.000000
1869	0.000000
1870	0.000000
1871	0.000000
1872	0.000000
1873	0.000000
1874	0.000000
1875	0.000000
1876	0.000000
1877	0.000000
1878	0.000000
1879	0.000000
1880	0.000000
1881	0.000000
1882	0.000000
1883	0.000000
1884	0.000000
1885	0.000000
1886	0.000000
1887	0.000000
1888	0.000000
1889	0.000000
1890	0.000000
1891	0.000000
1892	0.000000
1893	0.000000
1894	0.000000
1895	0.000000
1896	0.000000
1897	0.000000
1898	0.000000
1899	0.000000
1900	0.000000
1901	0.000000
1902	0.000000
1903	0.000000
1904	0.000000
1905	0.000000
1906	0.000000
1907	0.000000
1908	0.000000
1909	0.000000
1910	0.000000
1911	0.000000
1912	0.000000
1913	0.000000
1914	0.000000
1915	0.000000
1916	0.000000
1917	0.000000
1918	0.000000
1919	0.000000
1920	0.000000
1921	0.000000
1922	0.000000
1923	0.000000
1924	0.000000
1925	0.000000
1926	0.000000
1927	0.000000
1928	0.000000
1929	0.000000
1930	0.000000
1931	0.000000
1932	0.000000
1933	0.000000
1934	0.000000
1935	0.000000
1936	0.000000
1937	0.000000
1938	0.000000
1939	0.000000
1940	0.000000
1941	0.000000
1942	0.000000
1943	0.000000
1944	0.000000
1945	0.000000
1946	0.000000
1947	0.000000
1948	0.000000
1949	0.000000
1950	0.000000
1951	0.000000
1952	0.000000
1953	0.000000
1954	0.000000
1955	0.000000
1956	0.000000
1957	0.000000
1958	0.000000
1959	0.000000
1960	0.000000
1961	0.000000
1962	0.000000
1963	0.000000
1964	0.000000
1965	0.000000
1966	0.000000
1967	0.000000
1968	0.000000
1969	0.000000
1970	0.000000
1971	0.000000
1972	0.000000
1973	0.000000
1974	0.000000
1975	0.000000
1976	0.000000
1977	0.000000
1978	0.000000
1979	0.000000
1980	0.000000
1981	0.000000
1982	0.000000
1983	0.000000
1984	0.000000
1985	0.000000
1986	0.000000
1987	0.000000
1988	0.000000
1989	0.000000
1990	0.000000
1991	0.000000
1992	0.000000
1993	0.000000
1994	0.000000
1995	0.000000
1996	0.000000
1997	0.000000
1998	0.000000
1999	0.000000
2000	0.000000
2001	0.000000
2002	0.000000
2003	0.000000
2004	0.000000
2005	0.000000
2006	0.000000
2007	0.000000
2008	0.000000
2009	0.000000
2010	0.000000
2011	0.000000
2012	0.000000
2013	0.000000
2014	0.000000
2015	0.000000
2016	0.000000
2017	0.000000
2018	0.000000
2019	0.000000
2020	0.000000
2021	0.000000
2022	0.000000
2023	0.000000
2024	0.000000
2025	0.000000
2026	0.000000
2027	0.000000
2028	0.000000
2029	0.000000
2030	0.000000
2031	0.000000
2032	0.000000
2033	0.000000
2034	0.000000
2035	0.000000
2036	0.000000
2037	0.000000
2038	0.000000
2039	0.000000
2040	0.000000
2041	0.000000
2042	0.000000
2043	0.000000
2044	0.000000
2045	0.000000
2046	0.000000
2047	0.000000
2048	0.000000
2049	0.000000
2050	0.000000
2051	0.000000
2052	0.000000
2053	0.000000
2054	0.000000
2055	0.000000
2056	0.000000
2057	0.000000
2058	0.000000
2059	0.000000
2060	0.000000
2061	0.000000
2062	0.000000
2063	0.000000
2064	0.000000
2065	0.000000
2066	0.000000
2067	0.000000
2068	0.000000
2069	0.000000
2070	0.000000
2071	0.000000
2072	0.000000
2073	0.000000
2074	0.000000
2075	0.000000
2076	0.000000
2077	0.000000
2078	0.000000
2079	0.000000
2080	0.000000
2081	0.000000
2082	0.000000
2083	0.000000
2084	0.000000
2085	0.000000
2086	0.000000
2087	0.000000
2088	0.000000
2089	0.000000
2090	0.000000
2091	0.000000
2092	0.000000
2093	0.000010
2094	0.000000
2095	0.000010
2096	0.000000
2097	0.000000
2098	0.000000
2099	0.000000
2100	0.000000
2101	0.000000
2102	0.000000
2103	0.000000
2104	0.000000
2105	0.000000
2106	0.000000
2107	0.000000
2108	0.000000
2109	0.000000
2110	0.000000
2111	0.000000
2112	0.000000
2113	0.000000
2114	0.000000
2115	0.000000
2116	0.000000
2117	0.000000
2118	0.000000
2119	0.000000
2120	0.000000
2121	0.000000
2122	0.000000
2123	0.000000
2124	0.000000
2125	0.000000
2126	0.000000
2127	0.000010
2128	0.000000
2129	0.000000
2130	0.000000
2131	0.000000
2132	0.000000
2133	0.000000
2134	0.000010
2135	0.000000
2136	0.000000
2137	0.000010
2138	0.000000
2139	0.000000
2140	0.000010
2141	0.000000
2142	0.000000
2143	0.000000
2144	0.000000
2145	0.000000
2146	0.000000
2147	0.000000
2148	0.000000
2149	0.000000
2150	0.000000
2151	0.000000
2152	0.000000
2153	0.000010
2154	0.000000
2155	0.000000
2156	0.000010
2157	0.000000
2158	0.000000
2159	0.000000
2160	0.000000
2161	0.000000
2162	0.000000
2163	0.000020
2164	0.000000
2165	0.000000
2166	0.000000
2167	0.000000
2168	0.000010
2169	0.000000
2170	0.000010
2171	0.000000
2172	0.000000
2173	0.000000
2174	0.000000
2175	0.000000
2176	0.000010
2177	0.000000
2178	0.000000
2179	0.000000
2180	0.000010
2181	0.000000
2182	0.000000
2183	0.000020
2184	0.000000
2185	0.000000
2186	0.000000
2187	0.000010
2188	0.000000
2189	0.000000
2190	0.000020
2191	0.000000
2192	0.000000
2193	0.000000
2194	0.000020
2195	0.000000
2196	0.000000
2197	0.000000
2198	0.000000
2199	0.000000
2200	0.000000
2201	0.000000
2202	0.000010
2203	0.000000
2204	0.000010
2205	0.000010
2206	0.000000
2207	0.000000
2208	0.000000
2209	0.000000
2210	0.000000
2211	0.000010
2212	0.000000
2213	0.000030
2214	0.000010
2215	0.000010
2216	0.000040
2217	0.000030
2218	0.000010
2219	0.000010
2220	0.000000
2221	0.000010
2222	0.000000
2223	0.000000
2224	0.000000
2225	0.000010
2226	0.000000
2227	0.000010
2228	0.000010
2229	0.000010
2230	0.000030
2231	0.000000
2232	0.000010
2233	0.000010
2234	0.000010
2235	0.000020
2236	0.000030
2237	0.000000
2238	0.000000
2239	0.000010
2240	0.000010
2241	0.000020
2242	0.000020
2243	0.000000
2244	0.000020
2245	0.000000
2246	0.000020
2247	0.000020
2248	0.000010
2249	0.000010
2250	0.000000
2251	0.000000
2252	0.000030
2253	0.000010
2254	0.000030
2255	0.000010
2256	0.000020
2257	0.000010
2258	0.000010
2259	0.000000
2260	0.000010
2261	0.000010
2262	0.000040
2263	0.000010
2264	0.000010
2265	0.000010
2266	0.000040
2267	0.000030
2268	0.000050
2269	0.000030
2270	0.000040
2271	0.000010
2272	0.000020
2273	0.000010
2274	0.000010
2275	0.000030
2276	0.000010
2277	0.000030
2278	0.000050
2279	0.000040
2280	0.000020
2281	0.000010
2282	0.000020
2283	0.000000
2284	0.000020
2285	0.000040
2286	0.000030
2287	0.000030
2288	0.000000
2289	0.000030
2290	0.000000
2291	0.000020
2292	0.000020
2293	0.000070
2294	0.000030
2295	0.000070
2296	0.000040
2297	0.000040
2298	0.000010
2299	0.000030
2300	0.000030
2301	0.000020
2302	0.000040
2303	0.000040
2304	0.000070
2305	0.000040
2306	0.000030
2307	0.000040
2308	0.000030
2309	0.000040
2310	0.000020
2311	0.000000
2312	0.000040
2313	0.000040
2314	0.000030
2315	0.000040
2316	0.000030
2317	0.000030
2318	0.000010
2319	0.000010
2320	0.000010
2321	0.000040
2322	0.000010
2323	0.000010
2324	0.000020
2325	0.000080
2326	0.000020
2327	0.000070
2328	0.000030
2329	0.000030
2330	0.000030
2331	0.000050
2332	0.000070
2333	0.000050
2334	0.000070
2335	0.000110
2336	0.000010
2337	0.000070
2338	0.000020
2339	0.000060
2340	0.000060
2341	0.000050
2342	0.000080
2343	0.000090
2344	0.000060
2345	0.000040
2346	0.000020
2347	0.000050
2348	0.000030
2349	0.000050
2350	0.000050
2351	0.000050
2352	0.000060
2353	0.000030
2354	0.000060
2355	0.000070
2356	0.000110
2357	0.000060
2358	0.000100
2359	0.000050
2360	0.000060
2361	0.000120
2362	0.000030
2363	0.000120
2364	0.000050
2365	0.000020
2366	0.000090
2367	0.000060
2368	0.000100
2369	0.000070
2370	0.000060
2371	0.000040
2372	0.000100
2373	0.000080
2374	0.000080
2375	0.000070
2376	0.000060
2377	0.000060
2378	0.000110
2379	0.000060
2380	0.000070
2381	0.000100
2382	0.000060
2383	0.000070
2384	0.000110
2385	0.000120
2386	0.000050
2387	0.000080
2388	0.000080
2389	0.000090
2390	0.000140
2391	0.000150
2392	0.000120
2393	0.000080
2394	0.000070
2395	0.000110
2396	0.000090
2397	0.000190
2398	0.000040
2399	0.000070
2400	0.000100
2401	0.000090
2402	0.000100
2403	0.000090
2404	0.000100
2405	0.000110
2406	0.000140
2407	0.000120
2408	0.000080
2409	0.000130
2410	0.000070
2411	0.000110
2412	0.000120
2413	0.000060
2414	0.000150
2415	0.000130
2416	0.000070
2417	0.000090
2418	0.000110
2419	0.000150
2420	0.000130
2421	0.000120
2422	0.000080
2423	0.000100
2424	0.000080
2425	0.000100
2426	0.000200
2427	0.000140
2428	0.000150
2429	0.000130
2430	0.000140
2431	0.000110
2432	0.000190
2433	0.000190
2434	0.000100
2435	0.000100
2436	0.000090
2437	0.000220
2438	0.000110
2439	0.000160
2440	0.000140
2441	0.000210
2442	0.000170
2443	0.000150
2444	0.000140
2445	0.000210
2446	0.000220
2447	0.000190
2448	0.000190
2449	0.000190
2450	0.000180
2451	0.000090
2452	0.000150
2453	0.000170
2454	0.000220
2455	0.000170
2456	0.000150
2457	0.000230
2458	0.000190
2459	0.000210
2460	0.000180
2461	0.000200
2462	0.000130
2463	0.000210
2464	0.000230
2465	0.000200
2466	0.000230
2467	0.000230
2468	0.000200
2469	0.000210
2470	0.000090
2471	0.000180
2472	0.000240
2473	0.000180
2474	0.000190
2475	0.000220
2476	0.000160
2477	0.000250
2478	0.000230
2479	0.000280
2480	0.000160
2481	0.000210
2482	0.000240
2483	0.000230
2484	0.000200
2485	0.000220
2486	0.000200
2487	0.000210
2488	0.000220
2489	0.000130
2490	0.000200
2491	0.000230
2492	0.000210
2493	0.000230
2494	0.000210
2495	0.000250
2496	0.000300
2497	0.000200
2498	0.000230
2499	0.000180
2500	0.000240
2501	0.000220
2502	0.000280
2503	0.000270
2504	0.000250
2505	0.000190
2506	0.000300
2507	0.000300
2508	0.000320
2509	0.000250
2510	0.000410
2511	0.000200
2512	0.000190
2513	0.000240
2514	0.000220
2515	0.000330
2516	0.000230
2517	0.000270
2518	0.000350
2519	0.000340
2520	0.000370
2521	0.000200
2522	0.000270
2523	0.000220
2524	0.000190
2525	0.000310
2526	0.000340
2527	0.000230
2528	0.000330
2529	0.000260
2530	0.000280
2531	0.000360
2532	0.000260
2533	0.000300
2534	0.000330
2535	0.000350
2536	0.000340
2537	0.000320
2538	0.000310
2539	0.000220
2540	0.000360
2541	0.000270
2542	0.000340
2543	0.000320
2544	0.000310
2545	0.000320
2546	0.000320
2547	0.000310
2548	0.000270
2549	0.000350
2550	0.000400
2551	0.000340
2552	0.000380
2553	0.000490
2554	0.000320
2555	0.000430
2556	0.000380
2557	0.000240
2558	0.000460
2559	0.000340
2560	0.000360
2561	0.000320
2562	0.000270
2563	0.000340
2564	0.000350
2565	0.000400
2566	0.000320
2567	0.000270
2568	0.000440
2569	0.000310
2570	0.000420
2571	0.000330
2572	0.000360
2573	0.000330
2574	0.000320
2575	0.000510
2576	0.000450
2577	0.000330
2578	0.000370
2579	0.000460
2580	0.000470
2581	0.000350
2582	0.000440
2583	0.000550
2584	0.000360
2585	0.000400
2586	0.000430
2587	0.000450
2588	0.000420
2589	0.000420
2590	0.000490
2591	0.000420
2592	0.000390
2593	0.000300
2594	0.000470
2595	0.000460
2596	0.000420
2597	0.000590
2598	0.000330
2599	0.000410
2600	0.000450
2601	0.000370
2602	0.000460
2603	0.000460
2604	0.000480
2605	0.000470
2606	0.000480
2607	0.000350
2608	0.000450
2609	0.000460
2610	0.000480
2611	0.000480
2612	0.000420
2613	0.000560
2614	0.000500
2615	0.000550
2616	0.000480
2617	0.000550
2618	0.000430
2619	0.000500
2620	0.000530
2621	0.000480
2622	0.000640
2623	0.000430
2624	0.000480
2625	0.000390
2626	0.000380
2627	0.000440
2628	0.000510
2629	0.000480
2630	0.000530
2631	0.000530
2632	0.000450
2633	0.000370
2634	0.000520
2635	0.000520
2636	0.000600
2637	0.000470
2638	0.000440
2639	0.000680
2640	0.000510
2641	0.000550
2642	0.000520
2643	0.000570
2644	0.000430
2645	0.000520
2646	0.000530
2647	0.000510
2648	0.000480
2649	0.000480
2650	0.000470
2651	0.000500
2652	0.000580
2653	0.000510
2654	0.000540
2655	0.000440
2656	0.000650
2657	0.000470
2658	0.000430
2659	0.000410
2660	0.000620
2661	0.000680
2662	0.000520
2663	0.000610
2664	0.000590
2665	0.000480
2666	0.000640
2667	0.000470
2668	0.000520
2669	0.000560
2670	0.000730
2671	0.000520
2672	0.000540
2673	0.000710
2674	0.000760
2675	0.000640
2676	0.000500
2677	0.000340
2678	0.000620
2679	0.000630
2680	0.000760
2681	0.000680
2682	0.000550
2683	0.000630
2684	0.000620
2685	0.000750
2686	0.000660
2687	0.000610
2688	0.000650
2689	0.000680
2690	0.000520
2691	0.000710
2692	0.000660
2693	0.000710
2694	0.000670
2695	0.000620
2696	0.000590
2697	0.000750
2698	0.000580
2699	0.000660
2700	0.000790
2701	0.000540
2702	0.000630
2703	0.000620
2704	0.000660
2705	0.000880
2706	0.000690
2707	0.000780
2708	0.000650
2709	0.000650
2710	0.000630
2711	0.000780
2712	0.000670
2713	0.000630
2714	0.000730
2715	0.000840
2716	0.000560
2717	0.000910
2718	0.000570
2719	0.000770
2720	0.000740
2721	0.000750
2722	0.000850
2723	0.000860
2724	0.000740
2725	0.000580
2726	0.000640
2727	0.000690
2728	0.000710
2729	0.000670
2730	0.000610
2731	0.000740
2732	0.000700
2733	0.000690
2734	0.000830
2735	0.000680
2736	0.000800
2737	0.000800
2738	0.000620
2739	0.000750
2740	0.000810
2741	0.000700
2742	0.000780
2743	0.000610
2744	0.000780
2745	0.000600
2746	0.000650
2747	0.000550
2748	0.000790
2749	0.000750
2750	0.000690
2751	0.000700
2752	0.000790
2753	0.000650
2754	0.000800
2755	0.000680
2756	0.000810
2757	0.000710
2758	0.000690
2759	0.000910
2760	0.000800
2761	0.000890
2762	0.000740
2763	0.000800
2764	0.000970
2765	0.000690
2766	0.000810
2767	0.000780
2768	0.000820
2769	0.000680
2770	0.000830
2771	0.000690
2772	0.000580
2773	0.000710
2774	0.000700
2775	0.000730
2776	0.000840
2777	0.000990
2778	0.000720
2779	0.000880
2780	0.000710
2781	0.000730
2782	0.000890
2783	0.000730
2784	0.000770
2785	0.000720
2786	0.000850
2787	0.000770
2788	0.000800
2789	0.000680
2790	0.000880
2791	0.000810
2792	0.000870
2793	0.000840
2794	0.000760
2795	0.000740
2796	0.000880
2797	0.000830
2798	0.000810
2799	0.000750
2800	0.000840
2801	0.000730
2802	0.000890
2803	0.000840
2804	0.000790
2805	0.000620
2806	0.000840
2807	0.000850
2808	0.000890
2809	0.000770
2810	0.000730
2811	0.000890
2812	0.000910
2813	0.000840
2814	0.000840
2815	0.000780
2816	0.000950
2817	0.000810
2818	0.000960
2819	0.000800
2820	0.000900
2821	0.001020
2822	0.000840
2823	0.000970
2824	0.000970
2825	0.000940
2826	0.000850
2827	0.000780
2828	0.000780
2829	0.001000
2830	0.000930
2831	0.000960
2832	0.000920
2833	0.000860
2834	0.000850
2835	0.000940
2836	0.000700
2837	0.000760
2838	0.000720
2839	0.000830
2840	0.000910
2841	0.000860
2842	0.000870
2843	0.001120
2844	0.001030
2845	0.001010
2846	0.000890
2847	0.000730
2848	0.000890
2849	0.000940
2850	0.000930
2851	0.000890
2852	0.000860
2853	0.000910
2854	0.000760
2855	0.000910
2856	0.000810
2857	0.000970
2858	0.000970
2859	0.000790
2860	0.001010
2861	0.000790
2862	0.000970
2863	0.000810
2864	0.000860
2865	0.000990
2866	0.000840
2867	0.000770
2868	0.001110
2869	0.000800
2870	0.000800
2871	0.000940
2872	0.000920
2873	0.001220
2874	0.000800
2875	0.000910
2876	0.001020
2877	0.000840
2878	0.000940
2879	0.000850
2880	0.000860
2881	0.000810
2882	0.000920
2883	0.001040
2884	0.000870
2885	0.001340
2886	0.000980
2887	0.001020
2888	0.000830
2889	0.001080
2890	0.000850
2891	0.000780
2892	0.000880
2893	0.000870
2894	0.000960
2895	0.001070
2896	0.000900
2897	0.000870
2898	0.000800
2899	0.001130
2900	0.001020
2901	0.000950
2902	0.001010
2903	0.000760
2904	0.000910
2905	0.000910
2906	0.000850
2907	0.000940
2908	0.000960
2909	0.000880
2910	0.000860
2911	0.001060
2912	0.000990
2913	0.000990
2914	0.001000
2915	0.001070
2916	0.000820
2917	0.000780
2918	0.001040
2919	0.000970
2920	0.001240
2921	0.000960
2922	0.000890
2923	0.000980
2924	0.000850
2925	0.001100
2926	0.001020
2927	0.000950
2928	0.000910
2929	0.001060
2930	0.000950
2931	0.000980
2932	0.000870
2933	0.000890
2934	0.001010
2935	0.000820
2936	0.000900
2937	0.001010
2938	0.001210
2939	0.000880
2940	0.000890
2941	0.000970
2942	0.001000
2943	0.001180
2944	0.000970
2945	0.000890
2946	0.000820
2947	0.000980
2948	0.001120
2949	0.000830
2950	0.000940
2951	0.001190
2952	0.000900
2953	0.001100
2954	0.000990
2955	0.000960
2956	0.001020
2957	0.000850
2958	0.001040
2959	0.000910
2960	0.000940
2961	0.001120
2962	0.001250
2963	0.001170
2964	0.000900
2965	0.000900
2966	0.000840
2967	0.001090
2968	0.001050
2969	0.000880
2970	0.000870
2971	0.000960
2972	0.000950
2973	0.000910
2974	0.000870
2975	0.000870
2976	0.000890
2977	0.001160
2978	0.000750
2979	0.001010
2980	0.000850
2981	0.000970
2982	0.000850
2983	0.000920
2984	0.001000
2985	0.001000
2986	0.000990
2987	0.001130
2988	0.001080
2989	0.000840
2990	0.000950
2991	0.001020
2992	0.000880
2993	0.001140
2994	0.000760
2995	0.000900
2996	0.000980
2997	0.000900
2998	0.000850
2999	0.001030
3000	0.001040
3001	0.000850
3002	0.000960
3003	0.001060
3004	0.001030
3005	0.000860
3006	0.000980
3007	0.000840
3008	0.000940
3009	0.000850
3010	0.001080
3011	0.000890
3012	0.001000
3013	0.000890
3014	0.000950
3015	0.001060
3016	0.000830
3017	0.000900
3018	0.001020
3019	0.000870
3020	0.001250
3021	0.000930
3022	0.001070
3023	0.000860
3024	0.000960
3025	0.000880
3026	0.001000
3027	0.001000
3028	0.001060
3029	0.000910
3030	0.000940
3031	0.000770
3032	0.001130
3033	0.001090
3034	0.001050
3035	0.001080
3036	0.001000
3037	0.001080
3038	0.001000
3039	0.000910
3040	0.001080
3041	0.001050
3042	0.000790
3043	0.000980
3044	0.001000
3045	0.000990
3046	0.000730
3047	0.001040
3048	0.000870
3049	0.000950
3050	0.000980
3051	0.001090
3052	0.000950
3053	0.000790
3054	0.001050
3055	0.000820
3056	0.000960
3057	0.000930
3058	0.000940
3059	0.001060
3060	0.001030
3061	0.000900
3062	0.000940
3063	0.000790
3064	0.000940
3065	0.000780
3066	0.000990
3067	0.000940
3068	0.001020
3069	0.001060
3070	0.000850
3071	0.001180
3072	0.000930
3073	0.000940
3074	0.000780
3075	0.000980
3076	0.000790
3077	0.000890
3078	0.000900
3079	0.001040
3080	0.000890
3081	0.000910
3082	0.001040
3083	0.001020
3084	0.000990
3085	0.000800
3086	0.000970
3087	0.001010
3088	0.001070
3089	0.000950
3090	0.001000
3091	0.000870
3092	0.000940
3093	0.001110
3094	0.000940
3095	0.000940
3096	0.001040
3097	0.001150
3098	0.000890
3099	0.000910
3100	0.001010
3101	0.001070
3102	0.000940
3103	0.001070
3104	0.000970
3105	0.000830
3106	0.000990
3107	0.000980
3108	0.000930
3109	0.000900
3110	0.000970
3111	0.000980
3112	0.000920
3113	0.001060
3114	0.000900
3115	0.000940
3116	0.000920
3117	0.000990
3118	0.000820
3119	0.001000
3120	0.000940
3121	0.000810
3122	0.000920
3123	0.000990
3124	0.000890
3125	0.001040
3126	0.000890
3127	0.000860
3128	0.000860
3129	0.000850
3130	0.001040
3131	0.000860
3132	0.000910
3133	0.000810
3134	0.000860
3135	0.000950
3136	0.000890
3137	0.000870
3138	0.000840
3139	0.001000
3140	0.001090
3141	0.000890
3142	0.000900
3143	0.000850
3144	0.000930
3145	0.000980
3146	0.000860
3147	0.000830
3148	0.001060
3149	0.001070
3150	0.001160
3151	0.000950
3152	0.000840
3153	0.000910
3154	0.000810
3155	0.000900
3156	0.000950
3157	0.000950
3158	0.000930
3159	0.001010
3160	0.000810
3161	0.000780
3162	0.001040
3163	0.000850
3164	0.000860
3165	0.000780
3166	0.000840
3167	0.000820
3168	0.001000
3169	0.000940
3170	0.000940
3171	0.001010
3172	0.000910
3173	0.000960
3174	0.000940
3175	0.000920
3176	0.000920
3177	0.000890
3178	0.000800
3179	0.000740
3180	0.000850
3181	0.000980
3182	0.000870
3183	0.001070
3184	0.000950
3185	0.000900
3186	0.000770
3187	0.000990
3188	0.001010
3189	0.000980
3190	0.000820
3191	0.000920
3192	0.000880
3193	0.000990
3194	0.000960
3195	0.000920
3196	0.000780
3197	0.000730
3198	0.000980
3199	0.000860
3200	0.000920
3201	0.000850
3202	0.000920
3203	0.000880
3204	0.000660
3205	0.000790
3206	0.000830
3207	0.000980
3208	0.000720
3209	0.000790
3210	0.001050
3211	0.000770
3212	0.000780
3213	0.000840
3214	0.000810
3215	0.000830
3216	0.000840
3217	0.000770
3218	0.000880
3219	0.000650
3220	0.000690
3221	0.000950
3222	0.000920
3223	0.000830
3224	0.000990
3225	0.000730
3226	0.000740
3227	0.000700
3228	0.000770
3229	0.000910
3230	0.000940
3231	0.000830
3232	0.000730
3233	0.000800
3234	0.000840
3235	0.000700
3236	0.000660
3237	0.000750
3238	0.000860
3239	0.000740
3240	0.000880
3241	0.000800
3242	0.000910
3243	0.000750
3244	0.000840
3245	0.000800
3246	0.000680
3247	0.001020
3248	0.000790
3249	0.000850
3250	0.000750
3251	0.000820
3252	0.000980
3253	0.000740
3254	0.000890
3255	0.001060
3256	0.000920
3257	0.000860
3258	0.000720
3259	0.000740
3260	0.000850
3261	0.000730
3262	0.000810
3263	0.000710
3264	0.000830
3265	0.000600
3266	0.000760
3267	0.000920
3268	0.000740
3269	0.000780
3270	0.000810
3271	0.000880
3272	0.000630
3273	0.000810
3274	0.000730
3275	0.000680
3276	0.000640
3277	0.000710
3278	0.000810
3279	0.000730
3280	0.000780
3281	0.000850
3282	0.000710
3283	0.000870
3284	0.000660
3285	0.000940
3286	0.000750
3287	0.000720
3288	0.000660
3289	0.000800
3290	0.000900
3291	0.000750
3292	0.000830
3293	0.000800
3294	0.000720
3295	0.000700
3296	0.000850
3297	0.000710
3298	0.000770
3299	0.000820
3300	0.000950
3301	0.000700
3302	0.000720
3303	0.000620
3304	0.000760
3305	0.000860
3306	0.000620
3307	0.000710
3308	0.000740
3309	0.000810
3310	0.000730
3311	0.000660
3312	0.000760
3313	0.000820
3314	0.000640
3315	0.000950
3316	0.000750
3317	0.000760
3318	0.000810
3319	0.000830
3320	0.000700
3321	0.000620
3322	0.000850
3323	0.000870
3324	0.000720
3325	0.000700
3326	0.000720
3327	0.000790
3328	0.000630
3329	0.000690
3330	0.000670
3331	0.000710
3332	0.000790
3333	0.000680
3334	0.000750
3335	0.000760
3336	0.000680
3337	0.000620
3338	0.000760
3339	0.000620
3340	0.000870
3341	0.000680
3342	0.000740
3343	0.000680
3344	0.000720
3345	0.000730
3346	0.000580
3347	0.000700
3348	0.000690
3349	0.000640
3350	0.000670
3351	0.000670
3352	0.000580
3353	0.000700
3354	0.000800
3355	0.000710
3356	0.000940
3357	0.000540
3358	0.000690
3359	0.000720
3360	0.000620
3361	0.000820
3362	0.000690
3363	0.000870
3364	0.000690
3365	0.000680
3366	0.000650
3367	0.000700
3368	0.000640
3369	0.000750
3370	0.000810
3371	0.000740
3372	0.000790
3373	0.000600
3374	0.000680
3375	0.000730
3376	0.000610
3377	0.000730
3378	0.000710
3379	0.000630
3380	0.000740
3381	0.000620
3382	0.000680
3383	0.000690
3384	0.000660
3385	0.000700
3386	0.000700
3387	0.000730
3388	0.000670
3389	0.000650
3390	0.000580
3391	0.000720
3392	0.000550
3393	0.000610
3394	0.000750
3395	0.000620
3396	0.000700
3397	0.000730
3398	0.000780
3399	0.000540
3400	0.000640
3401	0.000710
3402	0.000640
3403	0.000720
3404	0.000590
3405	0.000840
3406	0.000800
3407	0.000650
3408	0.000650
3409	0.000540
3410	0.000530
3411	0.000610
3412	0.000600
3413	0.000540
3414	0.000630
3415	0.000670
3416	0.000500
3417	0.000690
3418	0.000630
3419	0.000760
3420	0.000550
3421	0.000550
3422	0.000730
3423	0.000670
3424	0.000620
3425	0.000720
3426	0.000590
3427	0.000580
3428	0.000750
3429	0.000640
3430	0.000720
3431	0.000680
3432	0.000490
3433	0.000820
3434	0.000580
3435	0.000570
3436	0.000760
3437	0.000510
3438	0.000670
3439	0.000610
3440	0.000610
3441	0.000610
3442	0.000650
3443	0.000630
3444	0.000570
3445	0.000530
3446	0.000640
3447	0.000580
3448	0.000640
3449	0.000590
3450	0.000700
3451	0.000560
3452	0.000720
3453	0.000770
3454	0.000600
3455	0.000670
3456	0.000590
3457	0.000520
3458	0.000580
3459	0.000400
3460	0.000630
3461	0.000670
3462	0.000640
3463	0.000590
3464	0.000540
3465	0.000580
3466	0.000560
3467	0.000540
3468	0.000450
3469	0.000640
3470	0.000700
3471	0.000480
3472	0.000520
3473	0.000500
3474	0.000530
3475	0.000660
3476	0.000610
3477	0.000650
3478	0.000470
3479	0.000580
3480	0.000630
3481	0.000470
3482	0.000630
3483	0.000660
3484	0.000510
3485	0.000670
3486	0.000550
3487	0.000620
3488	0.000520
3489	0.000640
3490	0.000560
3491	0.000540
3492	0.000540
3493	0.000620
3494	0.000570
3495	0.000440
3496	0.000580
3497	0.000430
3498	0.000660
3499	0.000650
3500	0.000550
3501	0.000460
3502	0.000640
3503	0.000450
3504	0.000550
3505	0.000430
3506	0.000560
3507	0.000530
3508	0.000530
3509	0.000390
3510	0.000450
3511	0.000600
3512	0.000530
3513	0.000490
3514	0.000430
3515	0.000440
3516	0.000470
3517	0.000550
3518	0.000530
3519	0.000530
3520	0.000600
3521	0.000620
3522	0.000450
3523	0.000480
3524	0.000480
3525	0.000380
3526	0.000500
3527	0.000610
3528	0.000490
3529	0.000590
3530	0.000490
3531	0.000610
3532	0.000520
3533	0.000600
3534	0.000470
3535	0.000600
3536	0.000610
3537	0.000480
3538	0.000520
3539	0.000530
3540	0.000580
3541	0.000550
3542	0.000480
3543	0.000480
3544	0.000340
3545	0.000490
3546	0.000500
3547	0.000530
3548	0.000500
3549	0.000440
3550	0.000520
3551	0.000450
3552	0.000500
3553	0.000480
3554	0.000450
3555	0.000420
3556	0.000550
3557	0.000520
3558	0.000580
3559	0.000480
3560	0.000570
3561	0.000540
3562	0.000520
3563	0.000430
3564	0.000390
3565	0.000370
3566	0.000500
3567	0.000430
3568	0.000420
3569	0.000400
3570	0.000370
3571	0.000470
3572	0.000530
3573	0.000480
3574	0.000420
3575	0.000560
3576	0.000420
3577	0.000420
3578	0.000460
3579	0.000490
3580	0.000580
3581	0.000420
3582	0.000390
3583	0.000410
3584	0.000440
3585	0.000540
3586	0.000410
3587	0.000520
3588	0.000290
3589	0.000440
3590	0.000440
3591	0.000430
3592	0.000430
3593	0.000350
3594	0.000380
3595	0.000500
3596	0.000550
3597	0.000400
3598	0.000420
3599	0.000420
3600	0.000620
3601	0.000410
3602	0.000460
3603	0.000300
3604	0.000360
3605	0.000340
3606	0.000450
3607	0.000480
3608	0.000410
3609	0.000410
3610	0.000410
3611	0.000420
3612	0.000300
3613	0.000470
3614	0.000530
3615	0.000500
3616	0.000420
3617	0.000530
3618	0.000410
3619	0.000480
3620	0.000350
3621	0.000410
3622	0.000330
3623	0.000520
3624	0.000460
3625	0.000380
3626	0.000410
3627	0.000380
3628	0.000270
3629	0.000400
3630	0.000390
3631	0.000380
3632	0.000440
3633	0.000290
3634	0.000440
3635	0.000320
3636	0.000370
3637	0.000360
3638	0.000430
3639	0.000350
3640	0.000410
3641	0.000370
3642	0.000350
3643	0.000420
3644	0.000500
3645	0.000520
3646	0.000380
3647	0.000460
3648	0.000320
3649	0.000420
3650	0.000350
3651	0.000370
3652	0.000370
3653	0.000430
3654	0.000330
3655	0.000400
3656	0.000450
3657	0.000410
3658	0.000460
3659	0.000270
3660	0.000290
3661	0.000370
3662	0.000330
3663	0.000380
3664	0.000290
3665	0.000500
3666	0.000250
3667	0.000530
3668	0.000230
3669	0.000420
3670	0.000310
3671	0.000340
3672	0.000330
3673	0.000380
3674	0.000370
3675	0.000360
3676	0.000360
3677	0.000320
3678	0.000320
3679	0.000410
3680	0.000270
3681	0.000380
3682	0.000410
3683	0.000430
3684	0.000420
3685	0.000300
3686	0.000350
3687	0.000310
3688	0.000350
3689	0.000440
3690	0.000390
3691	0.000270
3692	0.000390
3693	0.000310
3694	0.000230
3695	0.000390
3696	0.000350
3697	0.000380
3698	0.000400
3699	0.000300
3700	0.000410
3701	0.000400
3702	0.000300
3703	0.000390
3704	0.000400
3705	0.000300
3706	0.000420
3707	0.000330
3708	0.000330
3709	0.000270
3710	0.000310
3711	0.000330
3712	0.000360
3713	0.000360
3714	0.000330
3715	0.000370
3716	0.000260
3717	0.000230
3718	0.000390
3719	0.000210
3720	0.000300
3721	0.000340
3722	0.000390
3723	0.000390
3724	0.000350
3725	0.000270
3726	0.000380
3727	0.000400
3728	0.000270
3729	0.000360
3730	0.000380
3731	0.000270
3732	0.000330
3733	0.000310
3734	0.000390
3735	0.000260
3736	0.000310
3737	0.000340
3738	0.000340
3739	0.000350
3740	0.000400
3741	0.000260
3742	0.000330
3743	0.000320
3744	0.000310
3745	0.000300
3746	0.000290
3747	0.000380
3748	0.000290
3749	0.000330
3750	0.000370
3751	0.000330
3752	0.000280
3753	0.000320
3754	0.000400
3755	0.000340
3756	0.000370
3757	0.000250
3758	0.000360
3759	0.000300
3760	0.000220
3761	0.000420
3762	0.000380
3763	0.000360
3764	0.000250
3765	0.000270
3766	0.000250
3767	0.000340
3768	0.000240
3769	0.000340
3770	0.000250
3771	0.000360
3772	0.000360
3773	0.000270
3774	0.000250
3775	0.000200
3776	0.000200
3777	0.000260
3778	0.000270
3779	0.000280
3780	0.000330
3781	0.000230
3782	0.000260
3783	0.000390
3784	0.000350
3785	0.000220
3786	0.000310
3787	0.000290
3788	0.000350
3789	0.000260
3790	0.000270
3791	0.000300
3792	0.000300
3793	0.000290
3794	0.000290
3795	0.000300
3796	0.000290
3797	0.000200
3798	0.000300
3799	0.000370
3800	0.000320
3801	0.000250
3802	0.000310
3803	0.000280
3804	0.000320
3805	0.000160
3806	0.000230
3807	0.000360
3808	0.000250
3809	0.000330
3810	0.000280
3811	0.000280
3812	0.000260
3813	0.000260
3814	0.000290
3815	0.000220
3816	0.000260
3817	0.000330
3818	0.000280
3819	0.000240
3820	0.000250
3821	0.000290
3822	0.000270
3823	0.000250
3824	0.000310
3825	0.000230
3826	0.000320
3827	0.000310
3828	0.000240
3829	0.000230
3830	0.000250
3831	0.000260
3832	0.000210
3833	0.000250
3834	0.000250
3835	0.000260
3836	0.000270
3837	0.000230
3838	0.000280
3839	0.000340
3840	0.000190
3841	0.000300
3842	0.000270
3843	0.000250
3844	0.000300
3845	0.000260
3846	0.000190
3847	0.000260
3848	0.000280
3849	0.000250
3850	0.000240
3851	0.000210
3852	0.000270
3853	0.000310
3854	0.000260
3855	0.000240
3856	0.000180
3857	0.000300
3858	0.000310
3859	0.000260
3860	0.000170
3861	0.000150
3862	0.000220
3863	0.000220
3864	0.000290
3865	0.000160
3866	0.000250
3867	0.000280
3868	0.000170
3869	0.000330
3870	0.000260
3871	0.000160
3872	0.000240
3873	0.000260
3874	0.000300
3875	0.000180
3876	0.000200
3877	0.000210
3878	0.000280
3879	0.000230
3880	0.000180
3881	0.000170
3882	0.000170
3883	0.000180
3884	0.000170
3885	0.000230
3886	0.000160
3887	0.000240
3888	0.000240
3889	0.000240
3890	0.000240
3891	0.000220
3892	0.000220
3893	0.000230
3894	0.000190
3895	0.000220
3896	0.000220
3897	0.000300
3898	0.000310
3899	0.000210
3900	0.000090
3901	0.000200
3902	0.000210
3903	0.000230
3904	0.000240
3905	0.000140
3906	0.000200
3907	0.000180
3908	0.000300
3909	0.000140
3910	0.000200
3911	0.000170
3912	0.000260
3913	0.000160
3914	0.000260
3915	0.000350
3916	0.000200
3917	0.000270
3918	0.000250
3919	0.000170
3920	0.000160
3921	0.000190
3922	0.000260
3923	0.000180
3924	0.000150
3925	0.000180
3926	0.000210
3927	0.000200
3928	0.000200
3929	0.000240
3930	0.000170
3931	0.000140
3932	0.000210
3933	0.000210
3934	0.000160
3935	0.000170
3936	0.000170
3937	0.000210
3938	0.000220
3939	0.000170
3940	0.000230
3941	0.000200
3942	0.000230
3943	0.000120
3944	0.000140
3945	0.000170
3946	0.000220
3947	0.000210
3948	0.000280
3949	0.000220
3950	0.000160
3951	0.000160
3952	0.000230
3953	0.000180
3954	0.000180
3955	0.000250
3956	0.000230
3957	0.000090
3958	0.000210
3959	0.000160
3960	0.000250
3961	0.000230
3962	0.000200
3963	0.000150
3964	0.000200
3965	0.000220
3966	0.000200
3967	0.000190
3968	0.000160
3969	0.000260
3970	0.000170
3971	0.000150
3972	0.000080
3973	0.000230
3974	0.000100
3975	0.000160
3976	0.000210
3977	0.000150
3978	0.000140
3979	0.000200
3980	0.000120
3981	0.000180
3982	0.000140
3983	0.000180
3984	0.000190
3985	0.000210
3986	0.000240
3987	0.000140
3988	0.000180
3989	0.000180
3990	0.000100
3991	0.000220
3992	0.000140
3993	0.000130
3994	0.000220
3995	0.000200
3996	0.000230
3997	0.000150
3998	0.000180
3999	0.000260
4000	0.000190
4001	0.000200
4002	0.000120
4003	0.000190
4004	0.000100
4005	0.000140
4006	0.000110
4007	0.000210
4008	0.000160
4009	0.000140
4010	0.000180
4011	0.000150
4012	0.000060
4013	0.000160
4014	0.000190
4015	0.000210
4016	0.000180
4017	0.000120
4018	0.000180
4019	0.000100
4020	0.000120
4021	0.000140
4022	0.000190
4023	0.000120
4024	0.000100
4025	0.000160
4026	0.000130
4027	0.000200
4028	0.000170
4029	0.000190
4030	0.000200
4031	0.000160
4032	0.000150
4033	0.000210
4034	0.000170
4035	0.000140
4036	0.000190
4037	0.000140
4038	0.000100
4039	0.000130
4040	0.000260
4041	0.000140
4042	0.000180
4043	0.000180
4044	0.000140
4045	0.000190
4046	0.000170
4047	0.000100
4048	0.000160
4049	0.000120
4050	0.000120
4051	0.000160
4052	0.000130
4053	0.000120
4054	0.000160
4055	0.000130
4056	0.000200
4057	0.000190
4058	0.000170
4059	0.000130
4060	0.000090
4061	0.000160
4062	0.000170
4063	0.000150
4064	0.000120
4065	0.000170
4066	0.000160
4067	0.000110
4068	0.000100
4069	0.000190
4070	0.000150
4071	0.000140
4072	0.000100
4073	0.000120
4074	0.000180
4075	0.000130
4076	0.000120
4077	0.000150
4078	0.000200
4079	0.000130
4080	0.000140
4081	0.000190
4082	0.000100
4083	0.000190
4084	0.000190
4085	0.000120
4086	0.000150
4087	0.000120
4088	0.000120
4089	0.000080
4090	0.000190
4091	0.000120
4092	0.000160
4093	0.000110
4094	0.000130
4095	0.000150
4096	0.000140
4097	0.000100
4098	0.000180
4099	0.000150
4100	0.000060
4101	0.000140
4102	0.000110
4103	0.000140
4104	0.000090
4105	0.000170
4106	0.000180
4107	0.000090
4108	0.000090
4109	0.000130
4110	0.000160
4111	0.000150
4112	0.000080
4113	0.000140
4114	0.000140
4115	0.000120
4116	0.000070
4117	0.000160
4118	0.000140
4119	0.000130
4120	0.000070
4121	0.000110
4122	0.000110
4123	0.000090
4124	0.000120
4125	0.000060
4126	0.000090
4127	0.000120
4128	0.000050
4129	0.000110
4130	0.000120
4131	0.000140
4132	0.000070
4133	0.000120
4134	0.000130
4135	0.000200
4136	0.000120
4137	0.000080
4138	0.000090
4139	0.000130
4140	0.000080
4141	0.000150
4142	0.000130
4143	0.000140
4144	0.000160
4145	0.000120
4146	0.000190
4147	0.000170
4148	0.000140
4149	0.000160
4150	0.000140
4151	0.000080
4152	0.000140
4153	0.000110
4154	0.000090
4155	0.000070
4156	0.000150
4157	0.000130
4158	0.000120
4159	0.000130
4160	0.000110
4161	0.000140
4162	0.000130
4163	0.000090
4164	0.000090
4165	0.000110
4166	0.000090
4167	0.000080
4168	0.000130
4169	0.000220
4170	0.000110
4171	0.000060
4172	0.000150
4173	0.000100
4174	0.000090
4175	0.000090
4176	0.000100
4177	0.000140
4178	0.000130
4179	0.000140
4180	0.000120
4181	0.000080
4182	0.000160
4183	0.000090
4184	0.000100
4185	0.000140
4186	0.000130
4187	0.000150
4188	0.000100
4189	0.000120
4190	0.000130
4191	0.000090
4192	0.000130
4193	0.000060
4194	0.000080
4195	0.000080
4196	0.000090
4197	0.000080
4198	0.000090
4199	0.000090
4200	0.000090
4201	0.000090
4202	0.000110
4203	0.000080
4204	0.000110
4205	0.000110
4206	0.000150
4207	0.000060
4208	0.000120
4209	0.000090
4210	0.000090
4211	0.000110
4212	0.000080
4213	0.000120
4214	0.000070
4215	0.000050
4216	0.000160
4217	0.000130
4218	0.000100
4219	0.000090
4220	0.000040
4221	0.000130
4222	0.000060
4223	0.000130
4224	0.000100
4225	0.000140
4226	0.000070
4227	0.000100
4228	0.000100
4229	0.000110
4230	0.000140
4231	0.000140
4232	0.000090
4233	0.000130
4234	0.000040
4235	0.000090
4236	0.000090
4237	0.000070
4238	0.000130
4239	0.000120
4240	0.000070
4241	0.000150
4242	0.000080
4243	0.000100
4244	0.000050
4245	0.000130
4246	0.000050
4247	0.000130
4248	0.000080
4249	0.000110
4250	0.000060
4251	0.000080
4252	0.000100
4253	0.000060
4254	0.000100
4255	0.000070
4256	0.000130
4257	0.000090
4258	0.000100
4259	0.000100
4260	0.000090
4261	0.000070
4262	0.000040
4263	0.000110
4264	0.000050
4265	0.000110
4266	0.000060
4267	0.000070
4268	0.000130
4269	0.000080
4270	0.000090
4271	0.000140
4272	0.000100
4273	0.000060
4274	0.000180
4275	0.000070
4276	0.000120
4277	0.000110
4278	0.000060
4279	0.000040
4280	0.000070
4281	0.000050
4282	0.000060
4283	0.000080
4284	0.000120
4285	0.000100
4286	0.000070
4287	0.000060
4288	0.000030
4289	0.000050
4290	0.000090
4291	0.000040
4292	0.000060
4293	0.000100
4294	0.000080
4295	0.000100
4296	0.000050
4297	0.000100
4298	0.000120
4299	0.000070
4300	0.000110
4301	0.000120
4302	0.000090
4303	0.000080
4304	0.000090
4305	0.000040
4306	0.000080
4307	0.000020
4308	0.000100
4309	0.000030
4310	0.000100
4311	0.000110
4312	0.000050
4313	0.000040
4314	0.000060
4315	0.000050
4316	0.000040
4317	0.000090
4318	0.000050
4319	0.000090
4320	0.000060
4321	0.000080
4322	0.000120
4323	0.000070
4324	0.000030
4325	0.000130
4326	0.000110
4327	0.000070
4328	0.000030
4329	0.000060
4330	0.000040
4331	0.000070
4332	0.000060
4333	0.000070
4334	0.000100
4335	0.000050
4336	0.000120
4337	0.000080
4338	0.000090
4339	0.000100
4340	0.000050
4341	0.000060
4342	0.000040
4343	0.000050
4344	0.000030
4345	0.000040
4346	0.000060
4347	0.000060
4348	0.000080
4349	0.000050
4350	0.000050
4351	0.000040
4352	0.000040
4353	0.000100
4354	0.000070
4355	0.000120
4356	0.000080
4357	0.000060
4358	0.000060
4359	0.000050
4360	0.000030
4361	0.000120
4362	0.000120
4363	0.000110
4364	0.000050
4365	0.000080
4366	0.000020
4367	0.000060
4368	0.000040
4369	0.000090
4370	0.000100
4371	0.000060
4372	0.000070
4373	0.000060
4374	0.000090
4375	0.000100
4376	0.000080
4377	0.000070
4378	0.000070
4379	0.000090
4380	0.000080
4381	0.000060
4382	0.000080
4383	0.000040
4384	0.000090
4385	0.000020
4386	0.000060
4387	0.000040
4388	0.000070
4389	0.000070
4390	0.000040
4391	0.000090
4392	0.000040
4393	0.000040
4394	0.000080
4395	0.000060
4396	0.000040
4397	0.000050
4398	0.000070
4399	0.000070
4400	0.000090
4401	0.000030
4402	0.000050
4403	0.000060
4404	0.000050
4405	0.000060
4406	0.000030
4407	0.000050
4408	0.000050
4409	0.000070
4410	0.000050
4411	0.000080
4412	0.000040
4413	0.000060
4414	0.000040
4415	0.000060
4416	0.000090
4417	0.000050
4418	0.000060
4419	0.000020
4420	0.000060
4421	0.000070
4422	0.000040
4423	0.000070
4424	0.000090
4425	0.000160
4426	0.000050
4427	0.000020
4428	0.000070
4429	0.000120
4430	0.000080
4431	0.000010
4432	0.000050
4433	0.000080
4434	0.000080
4435	0.000070
4436	0.000050
4437	0.000020
4438	0.000000
4439	0.000040
4440	0.000070
4441	0.000100
4442	0.000040
4443	0.000080
4444	0.000030
4445	0.000080
4446	0.000120
4447	0.000030
4448	0.000050
4449	0.000030
4450	0.000050
4451	0.000040
4452	0.000050
4453	0.000030
4454	0.000040
4455	0.000070
4456	0.000020
4457	0.000080
4458	0.000050
4459	0.000040
4460	0.000070
4461	0.000030
4462	0.000040
4463	0.000070
4464	0.000070
4465	0.000080
4466	0.000060
4467	0.000070
4468	0.000020
4469	0.000080
4470	0.000060
4471	0.000020
4472	0.000040
4473	0.000070
4474	0.000040
4475	0.000040
4476	0.000050
4477	0.000050
4478	0.000050
4479	0.000030
4480	0.000060
4481	0.000030
4482	0.000070
4483	0.000040
4484	0.000060
4485	0.000090
4486	0.000040
4487	0.000010
4488	0.000050
4489	0.000070
4490	0.000070
4491	0.000040
4492	0.000040
4493	0.000050
4494	0.000060
4495	0.000020
4496	0.000040
4497	0.000040
4498	0.000060
4499	0.000060
4500	0.000010
4501	0.000040
4502	0.000010
4503	0.000030
4504	0.000030
4505	0.000030
4506	0.000070
4507	0.000080
4508	0.000070
4509	0.000040
4510	0.000060
4511	0.000050
4512	0.000040
4513	0.000070
4514	0.000030
4515	0.000080
4516	0.000060
4517	0.000040
4518	0.000040
4519	0.000030
4520	0.000090
4521	0.000010
4522	0.000080
4523	0.000030
4524	0.000030
4525	0.000080
4526	0.000060
4527	0.000050
4528	0.000040
4529	0.000010
4530	0.000030
4531	0.000090
4532	0.000060
4533	0.000030
4534	0.000030
4535	0.000050
4536	0.000040
4537	0.000040
4538	0.000020
4539	0.000030
4540	0.000030
4541	0.000070
4542	0.000050
4543	0.000040
4544	0.000020
4545	0.000040
4546	0.000020
4547	0.000040
4548	0.000020
4549	0.000020
4550	0.000050
4551	0.000020
4552	0.000020
4553	0.000040
4554	0.000010
4555	0.000060
4556	0.000040
4557	0.000060
4558	0.000070
4559	0.000040
4560	0.000070
4561	0.000040
4562	0.000080
4563	0.000020
4564	0.000040
4565	0.000030
4566	0.000050
4567	0.000040
4568	0.000030
4569	0.000030
4570	0.000030
4571	0.000030
4572	0.000040
4573	0.000040
4574	0.000070
4575	0.000040
4576	0.000020
4577	0.000040
4578	0.000010
4579	0.000000
4580	0.000020
4581	0.000020
4582	0.000060
4583	0.000060
4584	0.000010
4585	0.000030
4586	0.000000
4587	0.000030
4588	0.000010
4589	0.000050
4590	0.000050
4591	0.000030
4592	0.000020
4593	0.000050
4594	0.000060
4595	0.000060
4596	0.000030
4597	0.000030
4598	0.000040
4599	0.000040
4600	0.000010
4601	0.000010
4602	0.000060
4603	0.000070
4604	0.000050
4605	0.000030
4606	0.000040
4607	0.000010
4608	0.000000
4609	0.000040
4610	0.000020
4611	0.000070
4612	0.000050
4613	0.000010
4614	0.000030
4615	0.000030
4616	0.000000
4617	0.000100
4618	0.000010
4619	0.000000
4620	0.000030
4621	0.000020
4622	0.000030
4623	0.000040
4624	0.000010
4625	0.000040
4626	0.000020
4627	0.000040
4628	0.000010
4629	0.000030
4630	0.000040
4631	0.000010
4632	0.000040
4633	0.000050
4634	0.000030
4635	0.000070
4636	0.000010
4637	0.000030
4638	0.000010
4639	0.000010
4640	0.000050
4641	0.000020
4642	0.000050
4643	0.000030
4644	0.000050
4645	0.000040
4646	0.000040
4647	0.000030
4648	0.000030
4649	0.000020
4650	0.000030
4651	0.000020
4652	0.000010
4653	0.000030
4654	0.000030
4655	0.000030
4656	0.000070
4657	0.000030
4658	0.000020
4659	0.000030
4660	0.000020
4661	0.000060
4662	0.000010
4663	0.000010
4664	0.000010
4665	0.000030
4666	0.000040
4667	0.000040
4668	0.000000
4669	0.000030
4670	0.000060
4671	0.000010
4672	0.000010
4673	0.000040
4674	0.000070
4675	0.000010
4676	0.000040
4677	0.000020
4678	0.000020
4679	0.000020
4680	0.000030
4681	0.000030
4682	0.000050
4683	0.000020
4684	0.000060
4685	0.000030
4686	0.000000
4687	0.000010
4688	0.000020
4689	0.000050
4690	0.000040
4691	0.000000
4692	0.000040
4693	0.000040
4694	0.000040
4695	0.000030
4696	0.000020
4697	0.000020
4698	0.000000
4699	0.000030
4700	0.000030
4701	0.000060
4702	0.000020
4703	0.000020
4704	0.000030
4705	0.000040
4706	0.000010
4707	0.000020
4708	0.000010
4709	0.000020
4710	0.000010
4711	0.000010
4712	0.000040
4713	0.000030
4714	0.000010
4715	0.000000
4716	0.000020
4717	0.000020
4718	0.000000
4719	0.000060
4720	0.000000
4721	0.000030
4722	0.000030
4723	0.000040
4724	0.000020
4725	0.000030
4726	0.000020
4727	0.000020
4728	0.000040
4729	0.000010
4730	0.000010
4731	0.000030
4732	0.000030
4733	0.000040
4734	0.000030
4735	0.000020
4736	0.000050
4737	0.000010
4738	0.000040
4739	0.000020
4740	0.000040
4741	0.000010
4742	0.000030
4743	0.000010
4744	0.000020
4745	0.000010
4746	0.000000
4747	0.000080
4748	0.000020
4749	0.000040
4750	0.000020
4751	0.000020
4752	0.000010
4753	0.000050
4754	0.000030
4755	0.000000
4756	0.000040
4757	0.000010
4758	0.000030
4759	0.000020
4760	0.000000
4761	0.000020
4762	0.000010
4763	0.000010
4764	0.000010
4765	0.000010
4766	0.000020
4767	0.000010
4768	0.000000
4769	0.000010
4770	0.000020
4771	0.000050
4772	0.000010
4773	0.000020
4774	0.000040
4775	0.000010
4776	0.000030
4777	0.000050
4778	0.000030
4779	0.000010
4780	0.000050
4781	0.000050
4782	0.000040
4783	0.000040
4784	0.000020
4785	0.000030
4786	0.000010
4787	0.000070
4788	0.000040
4789	0.000050
4790	0.000020
4791	0.000020
4792	0.000040
4793	0.000020
4794	0.000010
4795	0.000020
4796	0.000020
4797	0.000000
4798	0.000040
4799	0.000010
4800	0.000010
4801	0.000010
4802	0.000030
4803	0.000010
4804	0.000020
4805	0.000000
4806	0.000030
4807	0.000010
4808	0.000020
4809	0.000000
4810	0.000020
4811	0.000010
4812	0.000010
4813	0.000010
4814	0.000010
4815	0.000040
4816	0.000020
4817	0.000020
4818	0.000000
4819	0.000020
4820	0.000010
4821	0.000030
4822	0.000000
4823	0.000030
4824	0.000020
4825	0.000010
4826	0.000020
4827	0.000010
4828	0.000030
4829	0.000030
4830	0.000010
4831	0.000000
4832	0.000010
4833	0.000020
4834	0.000010
4835	0.000010
4836	0.000000
4837	0.000020
4838	0.000020
4839	0.000030
4840	0.000010
4841	0.000020
4842	0.000050
4843	0.000040
4844	0.000010
4845	0.000020
4846	0.000000
4847	0.000000
4848	0.000030
4849	0.000010
4850	0.000020
4851	0.000010
4852	0.000010
4853	0.000010
4854	0.000040
4855	0.000010
4856	0.000010
4857	0.000040
4858	0.000010
4859	0.000010
4860	0.000000
4861	0.000020
4862	0.000040
4863	0.000000
4864	0.000040
4865	0.000010
4866	0.000020
4867	0.000020
4868	0.000020
4869	0.000030
4870	0.000010
4871	0.000010
4872	0.000010
4873	0.000010
4874	0.000010
4875	0.000030
4876	0.000010
4877	0.000030
4878	0.000010
4879	0.000030
4880	0.000000
4881	0.000040
4882	0.000010
4883	0.000030
4884	0.000040
4885	0.000010
4886	0.000020
4887	0.000030
4888	0.000010
4889	0.000020
4890	0.000030
4891	0.000020
4892	0.000020
4893	0.000010
4894	0.000030
4895	0.000010
4896	0.000000
4897	0.000000
4898	0.000000
4899	0.000040
4900	0.000020
4901	0.000010
4902	0.000020
4903	0.000010
4904	0.000020
4905	0.000010
4906	0.000020
4907	0.000010
4908	0.000010
4909	0.000020
4910	0.000010
4911	0.000000
4912	0.000020
4913	0.000000
4914	0.000030
4915	0.000030
4916	0.000050
4917	0.000020
4918	0.000010
4919	0.000010
4920	0.000030
4921	0.000020
4922	0.000010
4923	0.000000
4924	0.000010
4925	0.000000
4926	0.000000
4927	0.000030
4928	0.000070
4929	0.000050
4930	0.000030
4931	0.000010
4932	0.000010
4933	0.000000
4934	0.000010
4935	0.000010
4936	0.000010
4937	0.000020
4938	0.000010
4939	0.000010
4940	0.000020
4941	0.000010
4942	0.000010
4943	0.000010
4944	0.000030
4945	0.000020
4946	0.000020
4947	0.000010
4948	0.000000
4949	0.000000
4950	0.000010
4951	0.000000
4952	0.000000
4953	0.000020
4954	0.000000
4955	0.000020
4956	0.000010
4957	0.000000
4958	0.000020
4959	0.000010
4960	0.000030
4961	0.000020
4962	0.000020
4963	0.000010
4964	0.000010
4965	0.000010
4966	0.000020
4967	0.000010
4968	0.000030
4969	0.000010
4970	0.000010
4971	0.000020
4972	0.000010
4973	0.000000
4974	0.000020
4975	0.000030
4976	0.000010
4977	0.000000
4978	0.000030
4979	0.000010
4980	0.000000
4981	0.000030
4982	0.000000
4983	0.000000
4984	0.000000
4985	0.000000
4986	0.000000
4987	0.000020
4988	0.000040
4989	0.000000
4990	0.000000
4991	0.000010
4992	0.000000
4993	0.000000
4994	0.000000
4995	0.000020
4996	0.000000
4997	0.000010
4998	0.000000
4999	0.000030
5000	0.000020
5001	0.000000
5002	0.000010
5003	0.000020
5004	0.000020
5005	0.000010
5006	0.000010
5007	0.000010
5008	0.000020
5009	0.000000
5010	0.000000
5011	0.000010
5012	0.000010
5013	0.000000
5014	0.000020
5015	0.000000
5016	0.000000
5017	0.000020
5018	0.000000
5019	0.000000
5020	0.000010
5021	0.000000
5022	0.000010
5023	0.000010
5024	0.000010
5025	0.000010
5026	0.000010
5027	0.000010
5028	0.000010
5029	0.000010
5030	0.000010
5031	0.000010
5032	0.000000
5033	0.000000
5034	0.000020
5035	0.000000
5036	0.000020
5037	0.000000
5038	0.000010
5039	0.000010
5040	0.000000
5041	0.000020
5042	0.000010
5043	0.000010
5044	0.000000
5045	0.000000
5046	0.000010
5047	0.000010
5048	0.000000
5049	0.000030
5050	0.000020
5051	0.000020
5052	0.000020
5053	0.000000
5054	0.000010
5055	0.000010
5056	0.000000
5057	0.000000
5058	0.000010
5059	0.000010
5060	0.000000
5061	0.000010
5062	0.000010
5063	0.000030
5064	0.000000
5065	0.000010
5066	0.000000
5067	0.000050
5068	0.000030
5069	0.000010
5070	0.000020
5071	0.000010
5072	0.000020
5073	0.000010
5074	0.000010
5075	0.000000
5076	0.000010
5077	0.000010
5078	0.000040
5079	0.000000
5080	0.000000
5081	0.000020
5082	0.000000
5083	0.000020
5084	0.000000
5085	0.000010
5086	0.000020
5087	0.000010
5088	0.000000
5089	0.000010
5090	0.000010
5091	0.000020
5092	0.000000
5093	0.000010
5094	0.000020
5095	0.000020
5096	0.000010
5097	0.000000
5098	0.000000
5099	0.000010
5100	0.000010
5101	0.000000
5102	0.000020
5103	0.000000
5104	0.000000
5105	0.000000
5106	0.000010
5107	0.000010
5108	0.000000
5109	0.000010
5110	0.000000
5111	0.000000
5112	0.000000
5113	0.000010
5114	0.000010
5115	0.000010
5116	0.000010
5117	0.000020
5118	0.000020
5119	0.000000
5120	0.000000
5121	0.000000
5122	0.000020
5123	0.000010
5124	0.000010
5125	0.000000
5126	0.000010
5127	0.000010
5128	0.000000
5129	0.000020
5130	0.000010
5131	0.000020
5132	0.000000
5133	0.000000
5134	0.000000
5135	0.000020
5136	0.000010
5137	0.000010
5138	0.000010
5139	0.000010
5140	0.000010
5141	0.000020
5142	0.000000
5143	0.000000
5144	0.000000
5145	0.000010
5146	0.000000
5147	0.000000
5148	0.000020
5149	0.000000
5150	0.000000
5151	0.000000
5152	0.000000
5153	0.000010
5154	0.000020
5155	0.000000
5156	0.000020
5157	0.000050
5158	0.000000
5159	0.000000
5160	0.000010
5161	0.000010
5162	0.000010
5163	0.000010
5164	0.000010
5165	0.000000
5166	0.000000
5167	0.000010
5168	0.000030
5169	0.000020
5170	0.000000
5171	0.000000
5172	0.000000
5173	0.000000
5174	0.000000
5175	0.000000
5176	0.000000
5177	0.000000
5178	0.000000
5179	0.000010
5180	0.000030
5181	0.000000
5182	0.000020
5183	0.000000
5184	0.000010
5185	0.000000
5186	0.000000
5187	0.000010
5188	0.000010
5189	0.000020
5190	0.000000
5191	0.000000
5192	0.000000
5193	0.000000
5194	0.000040
5195	0.000000
5196	0.000010
5197	0.000000
5198	0.000000
5199	0.000010
5200	0.000010
5201	0.000030
5202	0.000000
5203	0.000000
5204	0.000010
5205	0.000000
5206	0.000000
5207	0.000010
5208	0.000000
5209	0.000000
5210	0.000000
5211	0.000020
5212	0.000000
5213	0.000020
5214	0.000010
5215	0.000000
5216	0.000000
5217	0.000000
5218	0.000010
5219	0.000000
5220	0.000010
5221	0.000010
5222	0.000000
5223	0.000000
5224	0.000010
5225	0.000030
5226	0.000000
5227	0.000000
5228	0.000010
5229	0.000010
5230	0.000020
5231	0.000020
5232	0.000020
5233	0.000010
5234	0.000000
5235	0.000000
5236	0.000000
5237	0.000010
5238	0.000010
5239	0.000000
5240	0.000030
5241	0.000010
5242	0.000000
5243	0.000000
5244	0.000010
5245	0.000020
5246	0.000020
5247	0.000010
5248	0.000000
5249	0.000020
5250	0.000010
5251	0.000000
5252	0.000020
5253	0.000000
5254	0.000010
5255	0.000000
5256	0.000010
5257	0.000000
5258	0.000010
5259	0.000010
5260	0.000000
5261	0.000000
5262	0.000000
5263	0.000000
5264	0.000020
5265	0.000000
5266	0.000000
5267	0.000000
5268	0.000010
5269	0.000010
5270	0.000000
5271	0.000000
5272	0.000010
5273	0.000020
5274	0.000000
5275	0.000000
5276	0.000010
5277	0.000000
5278	0.000010
5279	0.000010
5280	0.000000
5281	0.000000
5282	0.000000
5283	0.000010
5284	0.000010
5285	0.000000
5286	0.000010
5287	0.000000
5288	0.000010
5289	0.000010
5290	0.000000
5291	0.000000
5292	0.000000
5293	0.000000
5294	0.000000
5295	0.000010
5296	0.000000
5297	0.000010
5298	0.000010
5299	0.000000
5300	0.000000
5301	0.000010
5302	0.000000
5303	0.000000
5304	0.000000
5305	0.000000
5306	0.000000
5307	0.000000
5308	0.000020
5309	0.000000
5310	0.000010
5311	0.000000
5312	0.000000
5313	0.000000
5314	0.000000
5315	0.000000
5316	0.000000
5317	0.000010
5318	0.000000
5319	0.000010
5320	0.000000
5321	0.000000
5322	0.000000
5323	0.000010
5324	0.000000
5325	0.000000
5326	0.000010
5327	0.000010
5328	0.000000
5329	0.000020
5330	0.000010
5331	0.000000
5332	0.000000
5333	0.000010
5334	0.000000
5335	0.000000
5336	0.000000
5337	0.000000
5338	0.000000
5339	0.000000
5340	0.000000
5341	0.000000
5342	0.000010
5343	0.000010
5344	0.000010
5345	0.000000
5346	0.000010
5347	0.000000
5348	0.000000
5349	0.000000
5350	0.000030
5351	0.000010
5352	0.000000
5353	0.000000
5354	0.000000
5355	0.000000
5356	0.000010
5357	0.000000
5358	0.000000
5359	0.000000
5360	0.000020
5361	0.000010
5362	0.000000
5363	0.000000
5364	0.000000
5365	0.000000
5366	0.000000
5367	0.000010
5368	0.000020
5369	0.000000
5370	0.000000
5371	0.000010
5372	0.000010
5373	0.000010
5374	0.000010
5375	0.000000
5376	0.000010
5377	0.000000
5378	0.000000
5379	0.000010
5380	0.000000
5381	0.000020
5382	0.000010
5383	0.000000
5384	0.000010
5385	0.000000
5386	0.000000
5387	0.000000
5388	0.000000
5389	0.000000
5390	0.000010
5391	0.000010
5392	0.000000
5393	0.000010
5394	0.000010
5395	0.000000
5396	0.000010
5397	0.000000
5398	0.000000
5399	0.000000
5400	0.000000
5401	0.000000
5402	0.000000
5403	0.000000
5404	0.000000
5405	0.000000
5406	0.000000
5407	0.000000
5408	0.000000
5409	0.000000
5410	0.000000
5411	0.000000
5412	0.000010
5413	0.000000
5414	0.000020
5415	0.000000
5416	0.000000
5417	0.000000
5418	0.000000
5419	0.000000
5420	0.000020
5421	0.000000
5422	0.000000
5423	0.000000
5424	0.000000
5425	0.000000
5426	0.000010
5427	0.000000
5428	0.000000
5429	0.000000
5430	0.000010
5431	0.000000
5432	0.000000
5433	0.000000
5434	0.000000
5435	0.000020
5436	0.000000
5437	0.000000
5438	0.000000
5439	0.000000
5440	0.000000
5441	0.000000
5442	0.000000
5443	0.000000
5444	0.000000
5445	0.000000
5446	0.000010
5447	0.000000
5448	0.000000
5449	0.000010
5450	0.000000
5451	0.000000
5452	0.000000
5453	0.000010
5454	0.000000
5455	0.000000
5456	0.000000
5457	0.000000
5458	0.000000
5459	0.000010
5460	0.000000
5461	0.000010
5462	0.000000
5463	0.000000
5464	0.000000
5465	0.000000
5466	0.000000
5467	0.000000
5468	0.000000
5469	0.000000
5470	0.000010
5471	0.000010
5472	0.000000
5473	0.000000
5474	0.000000
5475	0.000000
5476	0.000030
5477	0.000000
5478	0.000000
5479	0.000000
5480	0.000010
5481	0.000000
5482	0.000010
5483	0.000000
5484	0.000000
5485	0.000000
5486	0.000010
5487	0.000000
5488	0.000000
5489	0.000000
5490	0.000000
5491	0.000000
5492	0.000000
5493	0.000000
5494	0.000000
5495	0.000000
5496	0.000000
5497	0.000000
5498	0.000000
5499	0.000000
5500	0.000000
5501	0.000000
5502	0.000010
5503	0.000000
5504	0.000000
5505	0.000000
5506	0.000020
5507	0.000000
5508	0.000000
5509	0.000000
5510	0.000000
5511	0.000010
5512	0.000000
5513	0.000000
5514	0.000000
5515	0.000000
5516	0.000000
5517	0.000010
5518	0.000010
5519	0.000000
5520	0.000000
5521	0.000000
5522	0.000000
5523	0.000000
5524	0.000000
5525	0.000000
5526	0.000000
5527	0.000000
5528	0.000000
5529	0.000010
5530	0.000000
5531	0.000000
5532	0.000000
5533	0.000000
5534	0.000000
5535	0.000000
5536	0.000000
5537	0.000000
5538	0.000000
5539	0.000000
5540	0.000000
5541	0.000000
5542	0.000000
5543	0.000000
5544	0.000000
5545	0.000010
5546	0.000000
5547	0.000000
5548	0.000000
5549	0.000010
5550	0.000010
5551	0.000000
5552	0.000000
5553	0.000010
5554	0.000000
5555	0.000010
5556	0.000000
5557	0.000000
5558	0.000000
5559	0.000000
5560	0.000010
5561	0.000000
5562	0.000020
5563	0.000010
5564	0.000010
5565	0.000010
5566	0.000000
5567	0.000000
5568	0.000000
5569	0.000010
5570	0.000000
5571	0.000000
5572	0.000000
5573	0.000000
5574	0.000000
5575	0.000000
5576	0.000000
5577	0.000000
5578	0.000000
5579	0.000020
5580	0.000000
5581	0.000000
5582	0.000000
5583	0.000000
5584	0.000000
5585	0.000010
5586	0.000000
5587	0.000000
5588	0.000020
5589	0.000000
5590	0.000000
5591	0.000000
5592	0.000000
5593	0.000010
5594	0.000000
5595	0.000000
5596	0.000000
5597	0.000000
5598	0.000010
5599	0.000010
5600	0.000000
5601	0.000000
5602	0.000010
5603	0.000000
5604	0.000000
5605	0.000000
5606	0.000000
5607	0.000010
5608	0.000010
5609	0.000000
5610	0.000000
5611	0.000000
5612	0.000000
5613	0.000000
5614	0.000000
5615	0.000000
5616	0.000000
5617	0.000000
5618	0.000000
5619	0.000000
5620	0.000000
5621	0.000000
5622	0.000000
5623	0.000000
5624	0.000000
5625	0.000010
5626	0.000000
5627	0.000000
5628	0.000000
5629	0.000000
5630	0.000000
5631	0.000000
5632	0.000000
5633	0.000000
5634	0.000000
5635	0.000000
5636	0.000000
5637	0.000010
5638	0.000000
5639	0.000000
5640	0.000000
5641	0.000000
5642	0.000000
5643	0.000000
5644	0.000010
5645	0.000000
5646	0.000000
5647	0.000000
5648	0.000000
5649	0.000000
5650	0.000000
5651	0.000000
5652	0.000010
5653	0.000000
5654	0.000010
5655	0.000000
5656	0.000000
5657	0.000000
5658	0.000000
5659	0.000000
5660	0.000000
5661	0.000000
5662	0.000000
5663	0.000000
5664	0.000000
5665	0.000000
5666	0.000000
5667	0.000000
5668	0.000000
5669	0.000000
5670	0.000000
5671	0.000000
5672	0.000010
5673	0.000000
5674	0.000000
5675	0.000000
5676	0.000000
5677	0.000000
5678	0.000000
5679	0.000000
5680	0.000000
5681	0.000000
5682	0.000000
5683	0.000010
5684	0.000000
5685	0.000000
5686	0.000000
5687	0.000010
5688	0.000000
5689	0.000000
5690	0.000000
5691	0.000000
5692	0.000020
5693	0.000010
5694	0.000000
5695	0.000000
5696	0.000010
5697	0.000000
5698	0.000000
5699	0.000000
5700	0.000000
5701	0.000000
5702	0.000010
5703	0.000000
5704	0.000000
5705	0.000000
5706	0.000000
5707	0.000010
5708	0.000000
5709	0.000000
5710	0.000000
5711	0.000000
5712	0.000000
5713	0.000000
5714	0.000000
5715	0.000000
5716	0.000000
5717	0.000000
5718	0.000000
5719	0.000000
5720	0.000000
5721	0.000000
5722	0.000010
5723	0.000010
5724	0.000000
5725	0.000000
5726	0.000000
5727	0.000000
5728	0.000000
5729	0.000000
5730	0.000010
5731	0.000000
5732	0.000000
5733	0.000000
5734	0.000000
5735	0.000000
5736	0.000000
5737	0.000000
5738	0.000000
5739	0.000000
5740	0.000000
5741	0.000000
5742	0.000000
5743	0.000000
5744	0.000000
5745	0.000000
5746	0.000000
5747	0.000000
5748	0.000000
5749	0.000000
5750	0.000000
5751	0.000000
5752	0.000000
5753	0.000000
5754	0.000000
5755	0.000000
5756	0.000000
5757	0.000000
5758	0.000000
5759	0.000000
5760	0.000000
5761	0.000000
5762	0.000010
5763	0.000000
5764	0.000000
5765	0.000010
5766	0.000000
5767	0.000000
5768	0.000000
5769	0.000000
5770	0.000000
5771	0.000000
5772	0.000000
5773	0.000000
5774	0.000000
5775	0.000010
5776	0.000000
5777	0.000000
5778	0.000010
5779	0.000000
5780	0.000000
5781	0.000000
5782	0.000000
5783	0.000000
5784	0.000000
5785	0.000000
5786	0.000000
5787	0.000000
5788	0.000000
5789	0.000000
5790	0.000030
5791	0.000000
5792	0.000010
5793	0.000010
5794	0.000000
5795	0.000000
5796	0.000000
5797	0.000000
5798	0.000000
5799	0.000000
5800	0.000000
5801	0.000000
5802	0.000000
5803	0.000010
5804	0.000000
5805	0.000000
5806	0.000000
5807	0.000000
5808	0.000000
5809	0.000000
5810	0.000000
5811	0.000000
5812	0.000000
5813	0.000000
5814	0.000000
5815	0.000000
5816	0.000010
5817	0.000000
5818	0.000000
5819	0.000000
5820	0.000010
5821	0.000000
5822	0.000000
5823	0.000000
5824	0.000000
5825	0.000010
5826	0.000000
5827	0.000010
5828	0.000010
5829	0.000000
5830	0.000000
5831	0.000010
5832	0.000000
5833	0.000000
5834	0.000000
5835	0.000000
5836	0.000000
5837	0.000000
5838	0.000000
5839	0.000000
5840	0.000000
5841	0.000000
5842	0.000000
5843	0.000010
5844	0.000000
5845	0.000010
5846	0.000000
5847	0.000010
5848	0.000000
5849	0.000000
5850	0.000000
5851	0.000000
5852	0.000000
5853	0.000010
5854	0.000000
5855	0.000000
5856	0.000000
5857	0.000000
5858	0.000000
5859	0.000000
5860	0.000000
5861	0.000000
5862	0.000000
5863	0.000000
5864	0.000000
5865	0.000000
5866	0.000000
5867	0.000000
5868	0.000010
5869	0.000000
5870	0.000000
5871	0.000000
5872	0.000000
5873	0.000010
5874	0.000000
5875	0.000010
5876	0.000000
5877	0.000000
5878	0.000000
5879	0.000000
5880	0.000000
5881	0.000000
5882	0.000000
5883	0.000000
5884	0.000000
5885	0.000000
5886	0.000000
5887	0.000000
5888	0.000000
5889	0.000000
5890	0.000000
5891	0.000000
5892	0.000000
5893	0.000000
5894	0.000000
5895	0.000000
5896	0.000000
5897	0.000000
5898	0.000000
5899	0.000000
5900	0.000000
5901	0.000000
5902	0.000000
5903	0.000000
5904	0.000000
5905	0.000000
5906	0.000000
5907	0.000000
5908	0.000000
5909	0.000000
5910	0.000010
5911	0.000000
5912	0.000000
5913	0.000000
5914	0.000000
5915	0.000010
5916	0.000000
5917	0.000000
5918	0.000000
5919	0.000000
5920	0.000000
5921	0.000000
5922	0.000000
5923	0.000000
5924	0.000000
5925	0.000010
5926	0.000000
5927	0.000000
5928	0.000000
5929	0.000000
5930	0.000000
5931	0.000010
5932	0.000000
5933	0.000000
5934	0.000000
5935	0.000000
5936	0.000000
5937	0.000000
5938	0.000000
5939	0.000010
5940	0.000000
5941	0.000000
5942	0.000000
5943	0.000000
5944	0.000010
5945	0.000000
5946	0.000000
5947	0.000000
5948	0.000000
5949	0.000000
5950	0.000000
5951	0.000000
5952	0.000000
5953	0.000010
5954	0.000000
5955	0.000000
5956	0.000000
5957	0.000000
5958	0.000000
5959	0.000000
5960	0.000000
5961	0.000000
5962	0.000000
5963	0.000000
5964	0.000000
5965	0.000000
5966	0.000000
5967	0.000010
5968	0.000000
5969	0.000000
5970	0.000000
5971	0.000000
5972	0.000000
5973	0.000000
5974	0.000000
5975	0.000010
5976	0.000000
5977	0.000000
5978	0.000000
5979	0.000000
5980	0.000000
5981	0.000000
5982	0.000000
5983	0.000000
5984	0.000000
5985	0.000000
5986	0.000000
5987	0.000000
5988	0.000000
5989	0.000000
5990	0.000000
5991	0.000010
5992	0.000000
5993	0.000000
5994	0.000000
5995	0.000000
5996	0.000000
5997	0.000000
5998	0.000010
5999	0.000000
6000	0.000000
6001	0.000000
6002	0.000000
6003	0.000000
6004	0.000000
6005	0.000000
6006	0.000000
6007	0.000000
6008	0.000000
6009	0.000000
6010	0.000000
6011	0.000000
6012	0.000000
6013	0.000000
6014	0.000000
6015	0.000000
6016	0.000000
6017	0.000000
6018	0.000000
6019	0.000000
6020	0.000000
6021	0.000000
6022	0.000000
6023	0.000000
6024	0.000000
6025	0.000000
6026	0.000000
6027	0.000000
6028	0.000000
6029	0.000000
6030	0.000010
6031	0.000000
6032	0.000000
6033	0.000000
6034	0.000000
6035	0.000000
6036	0.000000
6037	0.000000
6038	0.000000
6039	0.000000
6040	0.000000
6041	0.000000
6042	0.000000
6043	0.000000
6044	0.000000
6045	0.000000
6046	0.000010
6047	0.000000
6048	0.000010
6049	0.000000
6050	0.000000
6051	0.000000
6052	0.000000
6053	0.000000
6054	0.000000
6055	0.000000
6056	0.000000
6057	0.000000
6058	0.000000
6059	0.000000
6060	0.000010
6061	0.000000
6062	0.000000
6063	0.000000
6064	0.000000
6065	0.000000
6066	0.000000
6067	0.000000
6068	0.000000
6069	0.000010
6070	0.000000
6071	0.000000
6072	0.000000
6073	0.000000
6074	0.000000
6075	0.000000
6076	0.000000
6077	0.000000
6078	0.000000
6079	0.000000
6080	0.000000
6081	0.000000
6082	0.000000
6083	0.000000
6084	0.000000
6085	0.000000
6086	0.000000
6087	0.000000
6088	0.000000
6089	0.000000
6090	0.000000
6091	0.000000
6092	0.000000
6093	0.000000
6094	0.000000
6095	0.000000
6096	0.000000
6097	0.000000
6098	0.000000
6099	0.000000
6100	0.000000
6101	0.000000
6102	0.000000
6103	0.000000
6104	0.000000
6105	0.000000
6106	0.000000
6107	0.000000
6108	0.000000
6109	0.000010
6110	0.000000
6111	0.000000
6112	0.000000
6113	0.000000
6114	0.000000
6115	0.000000
6116	0.000000
6117	0.000000
6118	0.000000
6119	0.000000
6120	0.000000
6121	0.000000
6122	0.000000
6123	0.000000
6124	0.000000
6125	0.000000
6126	0.000000
6127	0.000000
6128	0.000000
6129	0.000000
6130	0.000000
6131	0.000000
6132	0.000000
6133	0.000000
6134	0.000000
6135	0.000000
6136	0.000000
6137	0.000000
6138	0.000000
6139	0.000000
6140	0.000000
6141	0.000000
6142	0.000000
6143	0.000010
6144	0.000000
6145	0.000000
6146	0.000000
6147	0.000000
6148	0.000000
6149	0.000000
6150	0.000000
6151	0.000000
6152	0.000000
6153	0.000000
6154	0.000000
6155	0.000000
6156	0.000000
6157	0.000000
6158	0.000000
6159	0.000000
6160	0.000000
6161	0.000000
6162	0.000000
6163	0.000000
6164	0.000000
6165	0.000000
6166	0.000000
6167	0.000000
6168	0.000000
6169	0.000000
6170	0.000000
6171	0.000000
6172	0.000000
6173	0.000000
6174	0.000000
6175	0.000000
6176	0.000000
6177	0.000000
6178	0.000000
6179	0.000000
6180	0.000000
6181	0.000000
6182	0.000000
6183	0.000000
6184	0.000010
6185	0.000000
6186	0.000000
6187	0.000000
6188	0.000000
6189	0.000000
6190	0.000000
6191	0.000000
6192	0.000000
6193	0.000000
6194	0.000000
6195	0.000000
6196	0.000000
6197	0.000000
6198	0.000000
6199	0.000000
6200	0.000000
6201	0.000000
6202	0.000000
6203	0.000000
6204	0.000000
6205	0.000000
6206	0.000000
6207	0.000000
6208	0.000000
6209	0.000000
6210	0.000000
6211	0.000000
6212	0.000000
6213	0.000000
6214	0.000000
6215	0.000000
6216	0.000000
6217	0.000000
6218	0.000000
6219	0.000000
6220	0.000000
6221	0.000000
6222	0.000000
6223	0.000000
6224	0.000000
6225	0.000000
6226	0.000000
6227	0.000000
6228	0.000000
6229	0.000000
6230	0.000000
6231	0.000000
6232	0.000000
6233	0.000000
6234	0.000000
6235	0.000000
6236	0.000000
6237	0.000000
6238	0.000000
6239	0.000000
6240	0.000000
6241	0.000000
6242	0.000010
6243	0.000000
6244	0.000000
6245	0.000000
6246	0.000000
6247	0.000000
6248	0.000000
6249	0.000000
6250	0.000000
6251	0.000000
6252	0.000000
6253	0.000000
6254	0.000000
6255	0.000000
6256	0.000000
6257	0.000000
6258	0.000000
6259	0.000000
6260	0.000000
6261	0.000000
6262	0.000000
6263	0.000000
6264	0.000000
6265	0.000000
6266	0.000000
6267	0.000000
6268	0.000000
6269	0.000000
6270	0.000000
6271	0.000000
6272	0.000000
6273	0.000000
6274	0.000000
6275	0.000000
6276	0.000000
6277	0.000000
6278	0.000000
6279	0.000000
6280	0.000000
6281	0.000000
6282	0.000000
6283	0.000000
6284	0.000000
6285	0.000000
6286	0.000000
6287	0.000000
6288	0.000000
6289	0.000000
6290	0.000000
6291	0.000000
6292	0.000000
6293	0.000000
6294	0.000000
6295	0.000000
6296	0.000000
6297	0.000000
6298	0.000000
6299	0.000000
6300	0.000000
6301	0.000000
6302	0.000000
6303	0.000000
6304	0.000000
6305	0.000000
6306	0.000000
6307	0.000000
6308	0.000000
6309	0.000000
6310	0.000000
6311	0.000000
6312	0.000000
6313	0.000000
6314	0.000000
6315	0.000000
6316	0.000000
6317	0.000000
6318	0.000000
6319	0.000000
6320	0.000010
6321	0.000000
6322	0.000000
6323	0.000000
6324	0.000000
6325	0.000000
6326	0.000000
6327	0.000000
6328	0.000000
6329	0.000000
6330	0.000000
6331	0.000000
6332	0.000000
6333	0.000000
6334	0.000000
6335	0.000000
6336	0.000000
6337	0.000000
6338	0.000000
6339	0.000000
6340	0.000000
6341	0.000000
6342	0.000000
6343	0.000000
6344	0.000000
6345	0.000000
6346	0.000000
6347	0.000000
6348	0.000000
6349	0.000000
6350	0.000000
6351	0.000000
6352	0.000000
6353	0.000000
6354	0.000000
6355	0.000000
6356	0.000000
6357	0.000000
6358	0.000000
6359	0.000000
6360	0.000000
6361	0.000000
6362	0.000000
6363	0.000000
6364	0.000000
6365	0.000000
6366	0.000000
6367	0.000000
6368	0.000000
6369	0.000000
6370	0.000000
6371	0.000000
6372	0.000000
6373	0.000000
6374	0.000000
6375	0.000000
6376	0.000000
6377	0.000000
6378	0.000000
6379	0.000000
6380	0.000000
6381	0.000000
6382	0.000000
6383	0.000000
6384	0.000000
6385	0.000000
6386	0.000000
6387	0.000000
6388	0.000000
6389	0.000000
6390	0.000000
6391	0.000000
6392	0.000000
6393	0.000000
6394	0.000000
6395	0.000000
6396	0.000010
6397	0.000000
6398	0.000000
6399	0.000000
6400	0.000000
6401	0.000000
6402	0.000000
6403	0.000000
6404	0.000000
6405	0.000000
6406	0.000000
6407	0.000000
6408	0.000000
6409	0.000000
6410	0.000000
6411	0.000000
6412	0.000000
6413	0.000000
6414	0.000000
6415	0.000000
6416	0.000000
6417	0.000000
6418	0.000000
6419	0.000000
6420	0.000000
6421	0.000000
6422	0.000000
6423	0.000000
6424	0.000000
6425	0.000000
6426	0.000000
6427	0.000000
6428	0.000010
6429	0.000000
6430	0.000000
6431	0.000000
6432	0.000000
6433	0.000000
6434	0.000000
6435	0.000000
6436	0.000000
6437	0.000000
6438	0.000000
6439	0.000000
6440	0.000000
6441	0.000000
6442	0.000000
6443	0.000000
6444	0.000000
6445	0.000000
6446	0.000000
6447	0.000000
6448	0.000000
6449	0.000000
6450	0.000000
6451	0.000000
6452	0.000000
6453	0.000000
6454	0.000000
6455	0.000000
6456	0.000000
6457	0.000000
6458	0.000000
6459	0.000000
6460	0.000000
6461	0.000000
6462	0.000000
6463	0.000000
6464	0.000000
6465	0.000010
6466	0.000000
6467	0.000000
6468	0.000000
6469	0.000000
6470	0.000000
6471	0.000000
6472	0.000000
6473	0.000000
6474	0.000000
6475	0.000000
6476	0.000000
6477	0.000000
6478	0.000000
6479	0.000000
6480	0.000000
6481	0.000000
6482	0.000000
6483	0.000000
6484	0.000000
6485	0.000000
6486	0.000000
6487	0.000000
6488	0.000000
6489	0.000000
6490	0.000000
6491	0.000000
6492	0.000000
6493	0.000000
6494	0.000000
6495	0.000000
6496	0.000000
6497	0.000000
6498	0.000000
6499	0.000000
6500	0.000000
6501	0.000000
6502	0.000000
6503	0.000000
6504	0.000000
6505	0.000000
6506	0.000000
6507	0.000000
6508	0.000000
6509	0.000000
6510	0.000000
6511	0.000000
6512	0.000000
6513	0.000000
6514	0.000000
6515	0.000000
6516	0.000000
6517	0.000000
6518	0.000000
6519	0.000000
6520	0.000000
6521	0.000000
6522	0.000000
6523	0.000000
6524	0.000000
6525	0.000000
6526	0.000000
6527	0.000000
6528	0.000000
6529	0.000000
6530	0.000000
6531	0.000000
6532	0.000000
6533	0.000000
6534	0.000000
6535	0.000000
6536	0.000000
6537	0.000000
6538	0.000000
6539	0.000000
6540	0.000000
6541	0.000000
6542	0.000000
6543	0.000000
6544	0.000000
6545	0.000000
6546	0.000000
6547	0.000000
6548	0.000000
6549	0.000000
6550	0.000000
6551	0.000000
6552	0.000000
6553	0.000000
6554	0.000000
6555	0.000000
6556	0.000000
6557	0.000000
6558	0.000000
6559	0.000000
6560	0.000000
6561	0.000000
6562	0.000000
6563	0.000000
6564	0.000000
6565	0.000000
6566	0.000000
6567	0.000000
6568	0.000000
6569	0.000000
6570	0.000000
6571	0.000000
6572	0.000000
6573	0.000000
6574	0.000000
6575	0.000000
6576	0.000000
6577	0.000000
6578	0.000000
6579	0.000000
6580	0.000000
6581	0.000000
6582	0.000000
6583	0.000000
6584	0.000000
6585	0.000000
6586	0.000000
6587	0.000000
6588	0.000000
6589	0.000000
6590	0.000000
6591	0.000000
6592	0.000000
6593	0.000000
6594	0.000000
6595	0.000000
6596	0.000000
6597	0.000000
6598	0.000000
6599	0.000000
6600	0.000000
6601	0.000000
6602	0.000000
6603	0.000000
6604	0.000000
6605	0.000000
6606	0.000000
6607	0.000000
6608	0.000000
6609	0.000000
6610	0.000000
6611	0.000000
6612	0.000000
6613	0.000000
6614	0.000000
6615	0.000000
6616	0.000000
6617	0.000000
6618	0.000000
6619	0.000000
6620	0.000000
6621	0.000000
6622	0.000000
6623	0.000000
6624	0.000000
6625	0.000000
6626	0.000000
6627	0.000000
6628	0.000000
6629	0.000000
6630	0.000000
6631	0.000000
6632	0.000000
6633	0.000000
6634	0.000000
6635	0.000000
6636	0.000000
6637	0.000000
6638	0.000000
6639	0.000000
6640	0.000000
6641	0.000000
6642	0.000000
6643	0.000000
6644	0.000000
6645	0.000000
6646	0.000000
6647	0.000000
6648	0.000000
6649	0.000000
6650	0.000000
6651	0.000000
6652	0.000000
6653	0.000000
6654	0.000000
6655	0.000000
6656	0.000000
6657	0.000000
6658	0.000000
6659	0.000000
6660	0.000000
6661	0.000000
6662	0.000000
6663	0.000000
6664	0.000000
6665	0.000000
6666	0.000000
6667	0.000000
6668	0.000000
6669	0.000000
6670	0.000000
6671	0.000000
6672	0.000000
6673	0.000000
6674	0.000000
6675	0.000000
6676	0.000000
6677	0.000000
6678	0.000000
6679	0.000000
6680	0.000000
6681	0.000000
6682	0.000000
6683	0.000000
6684	0.000000
6685	0.000000
6686	0.000000
6687	0.000000
6688	0.000000
6689	0.000000
6690	0.000000
6691	0.000000
6692	0.000000
6693	0.000000
6694	0.000000
6695	0.000000
6696	0.000000
6697	0.000000
6698	0.000000
6699	0.000000
6700	0.000000
6701	0.000000
6702	0.000000
6703	0.000000
6704	0.000000
6705	0.000000
6706	0.000000
6707	0.000000
6708	0.000000
6709	0.000000
6710	0.000000
6711	0.000000
6712	0.000000
6713	0.000000
6714	0.000000
6715	0.000000
6716	0.000000
6717	0.000000
6718	0.000000
6719	0.000000
6720	0.000000
6721	0.000000
6722	0.000000
6723	0.000000
6724	0.000000
6725	0.000000
6726	0.000000
6727	0.000000
6728	0.000000
6729	0.000000
6730	0.000000
6731	0.000000
6732	0.000000
6733	0.000000
6734	0.000000
6735	0.000000
6736	0.000000
6737	0.000000
6738	0.000000
6739	0.000000
6740	0.000000
6741	0.000000
6742	0.000000
6743	0.000000
6744	0.000000
6745	0.000000
6746	0.000000
6747	0.000000
6748	0.000000
6749	0.000000
6750	0.000000
6751	0.000000
6752	0.000000
6753	0.000000
6754	0.000000
6755	0.000000
6756	0.000000
6757	0.000000
6758	0.000000
6759	0.000000
6760	0.000000
6761	0.000000
6762	0.000000
6763	0.000000
6764	0.000000
6765	0.000000
6766	0.000000
6767	0.000000
6768	0.000000
6769	0.000000
6770	0.000000
6771	0.000000
6772	0.000000
6773	0.000000
6774	0.000000
6775	0.000000
6776	0.000000
6777	0.000000
6778	0.000000
6779	0.000000
6780	0.000000
6781	0.000000
6782	0.000000
6783	0.000000
6784	0.000000
6785	0.000000
6786	0.000000
6787	0.000000
6788	0.000000
6789	0.000000
6790	0.000000
6791	0.000000
6792	0.000000
6793	0.000000
6794	0.000000
6795	0.000000
6796	0.000000
6797	0.000000
6798	0.000000
6799	0.000000
6800	0.000000
6801	0.000000
6802	0.000000
6803	0.000000
6804	0.000000
6805	0.000000
6806	0.000000
6807	0.000000
6808	0.000000
6809	0.000000
6810	0.000000
6811	0.000000
6812	0.000000
6813	0.000000
6814	0.000000
6815	0.000010
