0	0
1	0
2	0
3	0
4	0
5	0
6	0
7	0
8	0
9	0
10	0
11	0
12	0
13	0
14	0
15	0
16	0
17	0
18	0
19	0
20	0
21	0
22	0
23	0
24	0
25	0
26	0
27	0
28	0
29	0
30	0
31	0
32	0
33	0
34	0
35	0
36	0
37	0
38	0
39	0
40	0
41	0
42	0
43	0
44	0
45	0
46	0
47	0
48	0
49	0
50	0
51	0
52	0
53	0
54	0
55	0
56	0
57	0
58	0
59	0
60	0
61	0
62	0
63	0
64	0
65	0
66	0
67	0
68	0
69	0
70	0
71	0
72	0
73	0
74	0
75	0
76	0
77	0
78	0
79	0
80	0
81	0
82	0
83	0
84	0
85	0
86	0
87	0
88	0
89	0
90	0
91	0
92	0
93	0
94	0
95	0
96	0
97	0
98	0
99	0
100	0
101	0
102	0
103	0
104	0
105	0
106	0
107	0
108	0
109	0
110	0
111	0
112	0
113	0
114	0
115	0
116	0
117	0
118	0
119	0
120	0
121	0
122	0
123	0
124	0
125	0
126	0
127	0
128	0
129	0
130	0
131	0
132	0
133	0
134	0
135	0
136	0
137	0
138	0
139	0
140	0
141	0
142	0
143	0
144	0
145	0
146	0
147	0
148	0
149	0
150	0
151	0
152	0
153	0
154	0
155	0
156	0
157	0
158	0
159	0
160	0
161	0
162	0
163	0
164	0
165	0
166	0
167	0
168	0
169	0
170	0
171	0
172	0
173	0
174	0
175	0
176	0
177	0
178	0
179	0
180	0
181	0
182	0
183	0
184	0
185	0
186	0
187	0
188	0
189	0
190	0
191	0
192	0
193	0
194	0
195	0
196	0
197	0
198	0
199	0
200	0
201	0
202	0
203	0
204	0
205	0
206	0
207	0
208	0
209	0
210	0
211	0
212	0
213	0
214	0
215	0
216	0
217	0
218	0
219	0
220	0
221	0
222	0
223	0
224	0
225	0
226	0
227	0
228	0
229	0
230	0
231	0
232	0
233	0
234	0
235	0
236	0
237	0
238	0
239	0
240	0
241	0
242	0
243	0
244	0
245	0
246	0
247	0
248	0
249	0
250	0
251	0
252	0
253	0
254	0
255	0
256	0
257	0
258	0
259	0
260	0
261	0
262	0
263	0
264	0
265	0
266	0
267	0
268	0
269	0
270	0
271	0
272	0
273	0
274	0
275	0
276	0
277	0
278	0
279	0
280	0
281	0
282	0
283	0
284	0
285	0
286	0
287	0
288	0
289	0
290	0
291	0
292	0
293	0
294	0
295	0
296	0
297	0
298	0
299	0
300	0
301	0
302	0
303	0
304	0
305	0
306	0
307	0
308	0
309	0
310	0
311	0
312	0
313	0
314	0
315	0
316	0
317	0
318	0
319	0
320	0
321	0
322	0
323	0
324	0
325	0
326	0
327	0
328	0
329	0
330	0
331	0
332	0
333	0
334	0
335	0
336	0
337	0
338	0
339	0
340	0
341	0
342	0
343	0
344	0
345	0
346	0
347	0
348	0
349	0
350	0
351	0
352	0
353	0
354	0
355	0
356	0
357	0
358	0
359	0
360	0
361	0
362	0
363	0
364	0
365	0
366	0
367	0
368	0
369	0
370	0
371	0
372	0
373	0
374	0
375	0
376	0
377	0
378	0
379	0
380	0
381	0
382	0
383	0
384	0
385	0
386	0
387	0
388	0
389	0
390	0
391	0
392	0
393	0
394	0
395	0
396	0
397	0
398	0
399	0
400	0
401	0
402	0
403	0
404	0
405	0
406	0
407	0
408	0
409	0
410	0
411	0
412	0
413	0
414	0
415	0
416	0
417	0
418	0
419	0
420	0
421	0
422	0
423	0
424	0
425	0
426	0
427	0
428	0
429	0
430	0
431	0
432	0
433	0
434	0
435	0
436	0
437	0
438	0
439	0
440	0
441	0
442	0
443	0
444	0
445	0
446	0
447	0
448	0
449	0
450	0
451	0
452	0
453	0
454	0
455	0
456	0
457	0
458	0
459	0
460	0
461	0
462	0
463	0
464	0
465	0
466	0
467	0
468	0
469	0
470	0
471	0
472	0
473	0
474	0
475	0
476	0
477	0
478	0
479	0
480	0
481	0
482	0
483	0
484	0
485	0
486	0
487	0
488	0
489	0
490	0
491	0
492	0
493	0
494	0
495	0
496	0
497	0
498	0
499	0
500	0
501	0
502	0
503	0
504	0
505	0
506	0
507	0
508	0
509	0
510	0
511	0
512	0
513	0
514	0
515	0
516	0
517	0
518	0
519	0
520	0
521	0
522	0
523	0
524	0
525	0
526	0
527	0
528	0
529	0
530	0
531	0
532	0
533	0
534	0
535	0
536	0
537	0
538	0
539	0
540	0
541	0
542	0
543	0
544	0
545	0
546	0
547	0
548	0
549	0
550	0
551	0
552	0
553	0
554	0
555	0
556	0
557	0
558	0
559	0
560	0
561	0
562	0
563	0
564	0
565	0
566	0
567	0
568	0
569	0
570	0
571	0
572	0
573	0
574	0
575	0
576	0
577	0
578	0
579	0
580	0
581	0
582	0
583	0
584	0
585	0
586	0
587	0
588	0
589	0
590	0
591	0
592	0
593	0
594	0
595	0
596	0
597	0
598	0
599	0
600	0
601	0
602	0
603	0
604	0
605	0
606	0
607	0
608	0
609	0
610	0
611	0
612	0
613	0
614	0
615	0
616	0
617	0
618	0
619	0
620	0
621	0
622	0
623	0
624	0
625	0
626	0
627	0
628	0
629	0
630	0
631	0
632	0
633	0
634	0
635	0
636	0
637	0
638	0
639	0
640	0
641	0
642	0
643	0
644	0
645	0
646	0
647	0
648	0
649	0
650	0
651	0
652	0
653	0
654	0
655	0
656	0
657	0
658	0
659	0
660	0
661	0
662	0
663	0
664	0
665	0
666	0
667	0
668	0
669	0
670	0
671	0
672	0
673	0
674	0
675	0
676	0
677	0
678	0
679	0
680	0
681	0
682	0
683	0
684	0
685	0
686	0
687	0
688	0
689	0
690	0
691	0
692	0
693	0
694	0
695	0
696	0
697	0
698	0
699	0
700	0
701	0
702	0
703	0
704	0
705	0
706	0
707	0
708	0
709	0
710	0
711	0
712	0
713	0
714	0
715	0
716	0
717	0
718	0
719	0
720	0
721	0
722	0
723	0
724	0
725	0
726	0
727	0
728	0
729	0
730	0
731	0
732	0
733	0
734	0
735	0
736	0
737	0
738	0
739	0
740	0
741	0
742	0
743	0
744	0
745	0
746	0
747	0
748	0
749	0
750	0
751	0
752	0
753	0
754	0
755	0
756	0
757	0
758	0
759	0
760	0
761	0
762	0
763	0
764	0
765	0
766	0
767	0
768	0
769	0
770	0
771	0
772	0
773	0
774	0
775	0
776	0
777	0
778	0
779	0
780	0
781	0
782	0
783	0
784	0
785	0
786	0
787	0
788	0
789	0
790	0
791	0
792	0
793	0
794	0
795	0
796	0
797	0
798	0
799	0
800	0
801	0
802	0
803	0
804	0
805	0
806	0
807	0
808	0
809	0
810	0
811	0
812	0
813	0
814	0
815	0
816	0
817	0
818	0
819	0
820	0
821	0
822	0
823	0
824	0
825	0
826	0
827	0
828	0
829	0
830	0
831	0
832	0
833	0
834	0
835	0
836	0
837	0
838	0
839	0
840	0
841	0
842	0
843	0
844	0
845	0
846	0
847	0
848	0
849	0
850	0
851	0
852	0
853	0
854	0
855	0
856	0
857	0
858	0
859	0
860	0
861	0
862	0
863	0
864	0
865	0
866	0
867	0
868	0
869	0
870	0
871	0
872	0
873	0
874	0
875	0
876	0
877	0
878	0
879	0
880	0
881	0
882	0
883	0
884	0
885	0
886	0
887	0
888	0
889	0
890	0
891	0
892	0
893	0
894	0
895	0
896	0
897	0
898	0
899	0
900	0
901	0
902	0
903	0
904	0
905	0
906	0
907	0
908	0
909	0
910	0
911	0
912	0
913	0
914	0
915	0
916	0
917	0
918	0
919	0
920	0
921	0
922	0
923	0
924	0
925	0
926	0
927	0
928	0
929	0
930	0
931	0
932	0
933	0
934	0
935	0
936	0
937	0
938	0
939	0
940	0
941	0
942	0
943	0
944	0
945	0
946	0
947	0
948	0
949	0
950	0
951	0
952	0
953	0
954	0
955	0
956	0
957	0
958	0
959	0
960	0
961	0
962	0
963	0
964	0
965	0
966	0
967	0
968	0
969	0
970	0
971	0
972	0
973	0
974	0
975	0
976	0
977	0
978	0
979	0
980	0
981	0
982	0
983	0
984	0
985	0
986	0
987	0
988	0
989	0
990	0
991	0
992	0
993	0
994	0
995	0
996	0
997	0
998	0
999	0
1000	0
1001	0
1002	0
1003	0
1004	0
1005	0
1006	0
1007	0
1008	0
1009	0
1010	0
1011	0
1012	0
1013	0
1014	0
1015	0
1016	0
1017	0
1018	0
1019	0
1020	0
1021	0
1022	0
1023	0
1024	0
1025	0
1026	0
1027	0
1028	0
1029	0
1030	0
1031	0
1032	0
1033	0
1034	0
1035	0
1036	0
1037	0
1038	0
1039	0
1040	0
1041	0
1042	0
1043	0
1044	0
1045	0
1046	0
1047	0
1048	0
1049	0
1050	0
1051	0
1052	0
1053	0
1054	0
1055	0
1056	0
1057	0
1058	0
1059	0
1060	0
1061	0
1062	0
1063	0
1064	0
1065	0
1066	0
1067	0
1068	0
1069	0
1070	0
1071	0
1072	0
1073	0
1074	0
1075	0
1076	0
1077	0
1078	0
1079	0
1080	0
1081	0
1082	0
1083	0
1084	0
1085	0
1086	0
1087	0
1088	0
1089	0
1090	0
1091	0
1092	0
1093	0
1094	0
1095	0
1096	0
1097	0
1098	0
1099	0
1100	0
1101	0
1102	0
1103	0
1104	0
1105	0
1106	0
1107	0
1108	0
1109	0
1110	0
1111	0
1112	0
1113	0
1114	0
1115	0
1116	0
1117	0
1118	0
1119	0
1120	0
1121	0
1122	0
1123	0
1124	0
1125	0
1126	0
1127	0
1128	0
1129	0
1130	0
1131	0
1132	0
1133	0
1134	0
1135	0
1136	0
1137	0
1138	0
1139	0
1140	0
1141	0
1142	0
1143	0
1144	0
1145	0
1146	0
1147	0
1148	0
1149	0
1150	0
1151	0
1152	0
1153	0
1154	0
1155	0
1156	0
1157	0
1158	0
1159	0
1160	0
1161	0
1162	0
1163	0
1164	0
1165	0
1166	0
1167	0
1168	0
1169	0
1170	0
1171	0
1172	0
1173	0
1174	0
1175	0
1176	0
1177	0
1178	0
1179	0
1180	0
1181	0
1182	0
1183	0
1184	0
1185	0
1186	0
1187	0
1188	0
1189	0
1190	0
1191	0
1192	0
1193	0
1194	0
1195	0
1196	0
1197	0
1198	0
1199	0
1200	0
1201	0
1202	0
1203	0
1204	0
1205	0
1206	0
1207	0
1208	0
1209	0
1210	0
1211	0
1212	0
1213	0
1214	0
1215	0
1216	0
1217	0
1218	0
1219	0
1220	0
1221	0
1222	0
1223	0
1224	0
1225	0
1226	0
1227	0
1228	0
1229	0
1230	0
1231	0
1232	0
1233	0
1234	0
1235	0
1236	0
1237	0
1238	0
1239	0
1240	0
1241	0
1242	0
1243	0
1244	0
1245	0
1246	0
1247	0
1248	0
1249	0
1250	0
1251	0
1252	0
1253	0
1254	0
1255	0
1256	0
1257	0
1258	0
1259	0
1260	0
1261	0
1262	0
1263	0
1264	0
1265	0
1266	0
1267	0
1268	0
1269	0
1270	0
1271	0
1272	0
1273	0
1274	0
1275	0
1276	0
1277	0
1278	0
1279	0
1280	0
1281	0
1282	0
1283	0
1284	0
1285	0
1286	0
1287	0
1288	0
1289	0
1290	0
1291	0
1292	0
1293	0
1294	0
1295	0
1296	0
1297	0
1298	0
1299	0
1300	0
1301	0
1302	0
1303	0
1304	0
1305	0
1306	0
1307	0
1308	0
1309	0
1310	0
1311	0
1312	0
1313	0
1314	0
1315	0
1316	0
1317	0
1318	0
1319	0
1320	0
1321	0
1322	0
1323	0
1324	0
1325	0
1326	0
1327	0
1328	0
1329	0
1330	0
1331	0
1332	0
1333	0
1334	0
1335	0
1336	0
1337	0
1338	0
1339	0
1340	0
1341	0
1342	0
1343	0
1344	0
1345	0
1346	0
1347	0
1348	0
1349	0
1350	0
1351	0
1352	0
1353	0
1354	0
1355	0
1356	0
1357	0
1358	0
1359	0
1360	0
1361	0
1362	0
1363	0
1364	0
1365	0
1366	0
1367	0
1368	0
1369	0
1370	0
1371	0
1372	0
1373	0
1374	0
1375	0
1376	0
1377	0
1378	0
1379	0
1380	0
1381	0
1382	0
1383	0
1384	0
1385	0
1386	0
1387	0
1388	0
1389	0
1390	0
1391	0
1392	0
1393	0
1394	0
1395	0
1396	0
1397	0
1398	0
1399	0
1400	0
1401	0
1402	0
1403	0
1404	0
1405	0
1406	0
1407	0
1408	0
1409	0
1410	0
1411	0
1412	0
1413	0
1414	0
1415	0
1416	0
1417	0
1418	0
1419	0
1420	0
1421	0
1422	0
1423	0
1424	0
1425	0
1426	0
1427	0
1428	0
1429	0
1430	0
1431	0
1432	0
1433	0
1434	0
1435	0
1436	0
1437	0
1438	0
1439	0
1440	0
1441	0
1442	0
1443	0
1444	0
1445	0
1446	0
1447	0
1448	0
1449	0
1450	0
1451	0
1452	0
1453	0
1454	0
1455	0
1456	0
1457	0
1458	0
1459	0
1460	0
1461	0
1462	0
1463	0
1464	0
1465	0
1466	0
1467	0
1468	0
1469	0
1470	0
1471	0
1472	0
1473	0
1474	0
1475	0
1476	0
1477	0
1478	0
1479	0
1480	0
1481	0
1482	0
1483	0
1484	0
1485	0
1486	0
1487	0
1488	0
1489	0
1490	0
1491	0
1492	0
1493	0
1494	0
1495	0
1496	0
1497	0
1498	0
1499	0
1500	0
1501	0
1502	0
1503	0
1504	0
1505	0
1506	0
1507	0
1508	0
1509	0
1510	0
1511	0
1512	0
1513	0
1514	0
1515	0
1516	0
1517	0
1518	0
1519	0
1520	0
1521	0
1522	0
1523	0
1524	0
1525	0
1526	0
1527	0
1528	0
1529	0
1530	0
1531	0
1532	0
1533	0
1534	0
1535	0
1536	0
1537	0
1538	0
1539	0
1540	0
1541	0
1542	0
1543	0
1544	0
1545	0
1546	0
1547	0
1548	0
1549	0
1550	0
1551	0
1552	0
1553	0
1554	0
1555	0
1556	0
1557	0
1558	0
1559	0
1560	0
1561	0
1562	0
1563	0
1564	0
1565	0
1566	0
1567	0
1568	0
1569	0
1570	0
1571	0
1572	0
1573	0
1574	0
1575	0
1576	0
1577	0
1578	0
1579	0
1580	0
1581	0
1582	0
1583	0
1584	0
1585	0
1586	0
1587	0
1588	0
1589	0
1590	0
1591	0
1592	0
1593	0
1594	0
1595	0
1596	0
1597	0
1598	0
1599	0
1600	0
1601	0
1602	0
1603	0
1604	0
1605	0
1606	0
1607	0
1608	0
1609	0
1610	0
1611	0
1612	0
1613	0
1614	0
1615	0
1616	0
1617	0
1618	0
1619	0
1620	0
1621	0
1622	0
1623	0
1624	0
1625	0
1626	0
1627	0
1628	0
1629	0
1630	0
1631	0
1632	0
1633	0
1634	0
1635	0
1636	0
1637	0
1638	0
1639	0
1640	0
1641	0
1642	0
1643	0
1644	0
1645	0
1646	0
1647	0
1648	0
1649	0
1650	0
1651	0
1652	0
1653	0
1654	0
1655	0
1656	0
1657	0
1658	0
1659	0
1660	0
1661	0
1662	0
1663	0
1664	0
1665	0
1666	0
1667	0
1668	0
1669	0
1670	0
1671	0
1672	0
1673	0
1674	0
1675	0
1676	0
1677	0
1678	0
1679	0
1680	0
1681	0
1682	0
1683	0
1684	0
1685	0
1686	0
1687	0
1688	0
1689	0
1690	0
1691	0
1692	0
1693	0
1694	0
1695	0
1696	0
1697	0
1698	0
1699	0
1700	0
1701	0
1702	0
1703	0
1704	0
1705	0
1706	0
1707	0
1708	0
1709	0
1710	0
1711	0
1712	0
1713	0
1714	0
1715	0
1716	0
1717	0
1718	0
1719	0
1720	0
1721	0
1722	0
1723	0
1724	0
1725	0
1726	0
1727	0
1728	0
1729	0
1730	0
1731	0
1732	0
1733	0
1734	0
1735	0
1736	0
1737	0
1738	0
1739	0
1740	0
1741	0
1742	0
1743	0
1744	0
1745	0
1746	0
1747	0
1748	0
1749	0
1750	0
1751	0
1752	0
1753	0
1754	0
1755	0
1756	0
1757	0
1758	0
1759	0
1760	0
1761	0
1762	0
1763	0
1764	0
1765	0
1766	0
1767	0
1768	0
1769	0
1770	0
1771	0
1772	0
1773	0
1774	0
1775	0
1776	0
1777	0
1778	0
1779	0
1780	0
1781	0
1782	0
1783	0
1784	0
1785	0
1786	0
1787	0
1788	0
1789	0
1790	0
1791	0
1792	0
1793	0
1794	0
1795	0
1796	0
1797	0
1798	0
1799	0
1800	0
1801	0
1802	0
1803	0
1804	0
1805	0
1806	0
1807	0
1808	0
1809	0
1810	0
1811	0
1812	0
1813	0
1814	0
1815	0
1816	0
1817	0
1818	0
1819	0
1820	0
1821	0
1822	0
1823	0
1824	0
1825	0
1826	0
1827	0
1828	0
1829	0
1830	0
1831	0
1832	0
1833	0
1834	0
1835	0
1836	0
1837	0
1838	0
1839	0
1840	0
1841	0
1842	0
1843	0
1844	0
1845	0
1846	0
1847	0
1848	0
1849	0
1850	0
1851	0
1852	0
1853	0
1854	0
1855	0
1856	0
1857	0
1858	0
1859	0
1860	0
1861	0
1862	0
1863	0
1864	0
1865	0
1866	0
1867	0
1868	0
1869	0
1870	0
1871	0
1872	0
1873	0
1874	0
1875	0
1876	0
1877	0
1878	0
1879	0
1880	0
1881	0
1882	0
1883	0
1884	0
1885	0
1886	0
1887	0
1888	0
1889	0
1890	0
1891	0
1892	0
1893	0
1894	0
1895	0
1896	0
1897	0
1898	0
1899	0
1900	0
1901	0
1902	0
1903	0
1904	0
1905	0
1906	0
1907	0
1908	0
1909	0
1910	0
1911	0
1912	0
1913	0
1914	0
1915	0
1916	0
1917	0
1918	0
1919	0
1920	0
1921	0
1922	0
1923	0
1924	0
1925	0
1926	0
1927	0
1928	0
1929	0
1930	0
1931	0
1932	0
1933	0
1934	0
1935	0
1936	0
1937	0
1938	0
1939	0
1940	0
1941	0
1942	0
1943	0
1944	0
1945	0
1946	0
1947	0
1948	0
1949	0
1950	0
1951	0
1952	0
1953	0
1954	0
1955	0
1956	0
1957	0
1958	0
1959	0
1960	0
1961	0
1962	0
1963	0
1964	0
1965	0
1966	0
1967	0
1968	0
1969	0
1970	0
1971	0
1972	0
1973	0
1974	0
1975	0
1976	0
1977	0
1978	0
1979	0
1980	0
1981	0
1982	0
1983	0
1984	0
1985	0
1986	0
1987	0
1988	0
1989	0
1990	0
1991	0
1992	0
1993	0
1994	0
1995	0
1996	0
1997	0
1998	0
1999	0
2000	0
2001	0
2002	0
2003	0
2004	0
2005	0
2006	0
2007	0
2008	0
2009	0
2010	0
2011	0
2012	0
2013	0
2014	0
2015	0
2016	0
2017	0
2018	0
2019	0
2020	0
2021	0
2022	0
2023	0
2024	0
2025	0
2026	0
2027	0
2028	0
2029	0
2030	0
2031	0
2032	0
2033	0
2034	0
2035	0
2036	0
2037	0
2038	0
2039	0
2040	0
2041	0
2042	0
2043	0
2044	0
2045	0
2046	0
2047	0
2048	0
2049	0
2050	0
2051	0
2052	0
2053	0
2054	0
2055	0
2056	0
2057	0
2058	0
2059	0
2060	0
2061	0
2062	0
2063	0
2064	0
2065	0
2066	0
2067	0
2068	0
2069	0
2070	0
2071	0
2072	0
2073	0
2074	0
2075	0
2076	0
2077	0
2078	0
2079	0
2080	0
2081	0
2082	0
2083	0
2084	0
2085	0
2086	0
2087	0
2088	0
2089	0
2090	0
2091	0
2092	0
2093	0
2094	0
2095	0
2096	0
2097	0
2098	0
2099	0
2100	0
2101	0
2102	0
2103	0
2104	0
2105	0
2106	0
2107	0
2108	0
2109	0
2110	0
2111	0
2112	0
2113	0
2114	0
2115	0
2116	0
2117	0
2118	0
2119	0
2120	0
2121	0
2122	0
2123	0
2124	0
2125	0
2126	0
2127	0
2128	0
2129	0
2130	0
2131	0
2132	0
2133	0
2134	0
2135	0
2136	0
2137	0
2138	0
2139	0
2140	0
2141	0
2142	0
2143	0
2144	0
2145	0
2146	0
2147	0
2148	0
2149	0
2150	0
2151	0
2152	0
2153	0
2154	0
2155	0
2156	0
2157	0
2158	0
2159	0
2160	0
2161	0
2162	0
2163	0
2164	0
2165	0
2166	0
2167	0
2168	0
2169	0
2170	0
2171	0
2172	0
2173	0
2174	0
2175	0
2176	0
2177	0
2178	0
2179	0
2180	0
2181	0
2182	0
2183	0
2184	0
2185	0
2186	0
2187	0
2188	0
2189	0
2190	0
2191	0
2192	0
2193	0
2194	0
2195	0
2196	0
2197	0
2198	0
2199	0
2200	0
2201	0
2202	0
2203	0
2204	0
2205	0
2206	0
2207	0
2208	0
2209	0
2210	0
2211	0
2212	0
2213	0
2214	0
2215	0
2216	0
2217	0
2218	0
2219	0
2220	0
2221	0
2222	0
2223	0
2224	0
2225	0
2226	0
2227	0
2228	0
2229	0
2230	0
2231	0
2232	0
2233	0
2234	0
2235	0
2236	0
2237	0
2238	0
2239	0
2240	0
2241	0
2242	0
2243	0
2244	0
2245	0
2246	0
2247	0
2248	0
2249	0
2250	0
2251	0
2252	0
2253	0
2254	0
2255	0
2256	0
2257	0
2258	0
2259	0
2260	0
2261	0
2262	0
2263	0
2264	0
2265	0
2266	0
2267	0
2268	0
2269	0
2270	0
2271	0
2272	0
2273	0
2274	0
2275	0
2276	0
2277	0
2278	0
2279	0
2280	0
2281	0
2282	0
2283	0
2284	0
2285	0
2286	0
2287	0
2288	0
2289	0
2290	0
2291	0
2292	0
2293	0
2294	0
2295	0
2296	0
2297	0
2298	0
2299	0
2300	0
2301	0
2302	0
2303	0
2304	0
2305	0
2306	0
2307	0
2308	0
2309	0
2310	0
2311	0
2312	0
2313	0
2314	0
2315	0
2316	0
2317	0
2318	0
2319	0
2320	0
2321	0
2322	0
2323	0
2324	0
2325	0
2326	0
2327	0
2328	0
2329	0
2330	0
2331	0
2332	0
2333	0
2334	0
2335	0
2336	0
2337	0
2338	0
2339	0
2340	0
2341	0
2342	0
2343	0
2344	0
2345	0
2346	0
2347	0
2348	0
2349	0
2350	0
2351	0
2352	0
2353	0
2354	0
2355	0
2356	0
2357	0
2358	0
2359	0
2360	0
2361	0
2362	0
2363	0
2364	0
2365	0
2366	0
2367	0
2368	0
2369	0
2370	0
2371	0
2372	0
2373	0
2374	0
2375	0
2376	0
2377	0
2378	0
2379	0
2380	0
2381	0
2382	0
2383	0
2384	0
2385	0
2386	0
2387	0
2388	0
2389	0
2390	0
2391	0
2392	0
2393	0
2394	0
2395	0
2396	0
2397	0
2398	0
2399	0
2400	0
2401	0
2402	0
2403	0
2404	0
2405	0
2406	0
2407	0
2408	0
2409	0
2410	0
2411	0
2412	0
2413	0
2414	0
2415	0
2416	0
2417	0
2418	0
2419	0
2420	0
2421	0
2422	0
2423	0
2424	0
2425	0
2426	0
2427	0
2428	0
2429	0
2430	0
2431	0
2432	0
2433	0
2434	0
2435	0
2436	0
2437	0
2438	0
2439	0
2440	0
2441	0
2442	0
2443	0
2444	0
2445	0
2446	0
2447	0
2448	0
2449	0
2450	0
2451	0
2452	0
2453	0
2454	0
2455	0
2456	0
2457	0
2458	0
2459	0
2460	0
2461	0
2462	0
2463	0
2464	0
2465	0
2466	0
2467	0
2468	0
2469	0
2470	0
2471	0
2472	0
2473	0
2474	0
2475	0
2476	0
2477	0
2478	0
2479	0
2480	0
2481	0
2482	0
2483	0
2484	0
2485	0
2486	0
2487	0
2488	0
2489	0
2490	0
2491	0
2492	0
2493	0
2494	0
2495	0
2496	0
2497	0
2498	0
2499	0
2500	0
2501	0
2502	0
2503	0
2504	0
2505	0
2506	0
2507	0
2508	0
2509	0
2510	0
2511	0
2512	0
2513	0
2514	0
2515	0
2516	0
2517	0
2518	0
2519	0
2520	0
2521	0
2522	0
2523	0
2524	0
2525	0
2526	0
2527	0
2528	0
2529	0
2530	0
2531	0
2532	0
2533	0
2534	0
2535	0
2536	0
2537	0
2538	0
2539	0
2540	0
2541	0
2542	0
2543	0
2544	0
2545	0
2546	0
2547	0
2548	0
2549	0
2550	0
2551	0
2552	0
2553	0
2554	0
2555	0
2556	0
2557	0
2558	0
2559	0
2560	0
2561	0
2562	0
2563	0
2564	0
2565	0
2566	0
2567	0
2568	0
2569	0
2570	0
2571	0
2572	0
2573	0
2574	0
2575	0
2576	0
2577	0
2578	0
2579	0
2580	0
2581	0
2582	0
2583	0
2584	0
2585	0
2586	0
2587	0
2588	0
2589	0
2590	0
2591	0
2592	0
2593	0
2594	0
2595	0
2596	0
2597	0
2598	0
2599	0
2600	0
2601	0
2602	0
2603	0
2604	0
2605	0
2606	0
2607	0
2608	0
2609	0
2610	0
2611	0
2612	0
2613	0
2614	0
2615	0
2616	0
2617	0
2618	0
2619	0
2620	0
2621	0
2622	0
2623	0
2624	0
2625	0
2626	0
2627	0
2628	0
2629	0
2630	0
2631	0
2632	0
2633	0
2634	0
2635	0
2636	0
2637	0
2638	0
2639	0
2640	0
2641	0
2642	0
2643	0
2644	0
2645	0
2646	0
2647	0
2648	0
2649	0
2650	0
2651	0
2652	0
2653	0
2654	0
2655	0
2656	0
2657	0
2658	0
2659	0
2660	0
2661	0
2662	0
2663	0
2664	0
2665	0
2666	0
2667	0
2668	0
2669	0
2670	0
2671	0
2672	0
2673	0
2674	0
2675	0
2676	0
2677	0
2678	0
2679	0
2680	0
2681	0
2682	0
2683	0
2684	0
2685	0
2686	0
2687	0
2688	0
2689	0
2690	0
2691	0
2692	0
2693	0
2694	0
2695	0
2696	0
2697	0
2698	0
2699	0
2700	0
2701	0
2702	0
2703	0
2704	0
2705	0
2706	0
2707	0
2708	0
2709	0
2710	0
2711	0
2712	0
2713	0
2714	0
2715	0
2716	0
2717	0
2718	1
2719	0
2720	0
2721	0
2722	0
2723	0
2724	0
2725	0
2726	0
2727	0
2728	0
2729	0
2730	0
2731	0
2732	0
2733	0
2734	0
2735	0
2736	0
2737	0
2738	0
2739	0
2740	0
2741	0
2742	0
2743	0
2744	0
2745	0
2746	0
2747	0
2748	0
2749	0
2750	0
2751	0
2752	0
2753	0
2754	0
2755	0
2756	0
2757	0
2758	0
2759	0
2760	0
2761	0
2762	0
2763	0
2764	0
2765	0
2766	0
2767	0
2768	0
2769	0
2770	0
2771	0
2772	0
2773	0
2774	0
2775	0
2776	0
2777	0
2778	0
2779	0
2780	0
2781	0
2782	0
2783	1
2784	0
2785	0
2786	0
2787	0
2788	0
2789	0
2790	0
2791	0
2792	0
2793	0
2794	0
2795	0
2796	0
2797	0
2798	0
2799	0
2800	0
2801	0
2802	0
2803	0
2804	0
2805	0
2806	0
2807	0
2808	0
2809	0
2810	0
2811	0
2812	0
2813	0
2814	0
2815	0
2816	0
2817	0
2818	0
2819	0
2820	0
2821	0
2822	0
2823	0
2824	0
2825	0
2826	0
2827	0
2828	0
2829	0
2830	0
2831	0
2832	0
2833	0
2834	0
2835	0
2836	0
2837	0
2838	0
2839	0
2840	0
2841	0
2842	0
2843	0
2844	0
2845	0
2846	0
2847	0
2848	0
2849	0
2850	0
2851	0
2852	0
2853	0
2854	0
2855	0
2856	0
2857	0
2858	0
2859	0
2860	0
2861	0
2862	0
2863	0
2864	0
2865	0
2866	0
2867	0
2868	0
2869	0
2870	0
2871	0
2872	0
2873	0
2874	0
2875	0
2876	0
2877	0
2878	0
2879	0
2880	0
2881	0
2882	0
2883	0
2884	0
2885	0
2886	0
2887	0
2888	0
2889	0
2890	1
2891	0
2892	0
2893	0
2894	0
2895	0
2896	0
2897	0
2898	0
2899	0
2900	0
2901	0
2902	0
2903	0
2904	0
2905	0
2906	1
2907	0
2908	0
2909	0
2910	0
2911	0
2912	0
2913	0
2914	0
2915	0
2916	0
2917	0
2918	0
2919	0
2920	0
2921	0
2922	0
2923	0
2924	0
2925	0
2926	0
2927	0
2928	0
2929	0
2930	0
2931	0
2932	0
2933	0
2934	0
2935	0
2936	0
2937	0
2938	0
2939	0
2940	0
2941	0
2942	0
2943	1
2944	0
2945	0
2946	0
2947	0
2948	0
2949	0
2950	0
2951	0
2952	0
2953	0
2954	0
2955	0
2956	1
2957	0
2958	1
2959	1
2960	1
2961	0
2962	0
2963	0
2964	0
2965	0
2966	0
2967	0
2968	0
2969	0
2970	0
2971	0
2972	0
2973	0
2974	0
2975	1
2976	0
2977	1
2978	0
2979	0
2980	1
2981	1
2982	0
2983	0
2984	0
2985	0
2986	0
2987	2
2988	2
2989	0
2990	0
2991	0
2992	0
2993	0
2994	0
2995	0
2996	0
2997	0
2998	0
2999	1
3000	0
3001	0
3002	1
3003	0
3004	0
3005	1
3006	0
3007	1
3008	0
3009	1
3010	0
3011	1
3012	0
3013	0
3014	0
3015	0
3016	0
3017	0
3018	0
3019	0
3020	0
3021	0
3022	1
3023	2
3024	0
3025	1
3026	1
3027	1
3028	0
3029	1
3030	1
3031	1
3032	0
3033	2
3034	1
3035	0
3036	0
3037	0
3038	1
3039	0
3040	0
3041	0
3042	1
3043	0
3044	0
3045	0
3046	0
3047	0
3048	0
3049	0
3050	0
3051	1
3052	0
3053	0
3054	0
3055	0
3056	2
3057	1
3058	0
3059	0
3060	0
3061	1
3062	2
3063	0
3064	0
3065	1
3066	2
3067	0
3068	1
3069	1
3070	1
3071	1
3072	1
3073	1
3074	0
3075	0
3076	0
3077	0
3078	1
3079	2
3080	1
3081	0
3082	2
3083	0
3084	1
3085	0
3086	0
3087	1
3088	0
3089	0
3090	0
3091	1
3092	2
3093	1
3094	0
3095	2
3096	0
3097	1
3098	0
3099	1
3100	1
3101	1
3102	1
3103	0
3104	0
3105	1
3106	1
3107	0
3108	1
3109	0
3110	2
3111	0
3112	2
3113	2
3114	0
3115	2
3116	0
3117	1
3118	0
3119	0
3120	1
3121	0
3122	1
3123	0
3124	1
3125	1
3126	0
3127	2
3128	1
3129	1
3130	1
3131	0
3132	1
3133	1
3134	0
3135	1
3136	0
3137	1
3138	0
3139	2
3140	1
3141	0
3142	1
3143	1
3144	1
3145	2
3146	0
3147	4
3148	0
3149	2
3150	2
3151	1
3152	1
3153	1
3154	0
3155	1
3156	0
3157	0
3158	0
3159	0
3160	1
3161	0
3162	2
3163	1
3164	2
3165	0
3166	1
3167	0
3168	1
3169	1
3170	3
3171	0
3172	2
3173	1
3174	1
3175	1
3176	3
3177	1
3178	2
3179	2
3180	4
3181	1
3182	0
3183	0
3184	1
3185	1
3186	1
3187	2
3188	2
3189	3
3190	0
3191	0
3192	2
3193	0
3194	2
3195	0
3196	4
3197	3
3198	1
3199	0
3200	0
3201	2
3202	0
3203	2
3204	0
3205	0
3206	2
3207	0
3208	3
3209	2
3210	3
3211	1
3212	0
3213	0
3214	0
3215	3
3216	1
3217	2
3218	2
3219	2
3220	1
3221	1
3222	2
3223	5
3224	2
3225	2
3226	0
3227	0
3228	6
3229	3
3230	0
3231	4
3232	2
3233	0
3234	1
3235	1
3236	2
3237	2
3238	3
3239	4
3240	3
3241	4
3242	1
3243	1
3244	6
3245	4
3246	2
3247	1
3248	2
3249	2
3250	6
3251	2
3252	2
3253	4
3254	1
3255	4
3256	7
3257	2
3258	1
3259	4
3260	1
3261	2
3262	3
3263	4
3264	3
3265	3
3266	1
3267	4
3268	3
3269	1
3270	2
3271	0
3272	1
3273	0
3274	3
3275	3
3276	6
3277	2
3278	1
3279	1
3280	3
3281	1
3282	3
3283	3
3284	6
3285	3
3286	2
3287	2
3288	3
3289	2
3290	3
3291	2
3292	4
3293	2
3294	4
3295	6
3296	1
3297	5
3298	7
3299	7
3300	2
3301	4
3302	3
3303	3
3304	4
3305	1
3306	4
3307	5
3308	6
3309	4
3310	1
3311	5
3312	2
3313	4
3314	5
3315	0
3316	1
3317	4
3318	4
3319	2
3320	5
3321	2
3322	3
3323	6
3324	5
3325	1
3326	5
3327	4
3328	4
3329	3
3330	5
3331	5
3332	8
3333	5
3334	11
3335	6
3336	4
3337	5
3338	4
3339	5
3340	3
3341	4
3342	1
3343	5
3344	2
3345	4
3346	9
3347	3
3348	1
3349	4
3350	7
3351	5
3352	5
3353	6
3354	2
3355	7
3356	7
3357	0
3358	7
3359	6
3360	4
3361	4
3362	1
3363	3
3364	8
3365	10
3366	8
3367	7
3368	4
3369	4
3370	8
3371	6
3372	4
3373	7
3374	9
3375	6
3376	10
3377	3
3378	6
3379	9
3380	6
3381	9
3382	3
3383	5
3384	4
3385	6
3386	4
3387	8
3388	10
3389	6
3390	11
3391	3
3392	7
3393	5
3394	6
3395	2
3396	10
3397	8
3398	5
3399	5
3400	6
3401	5
3402	5
3403	7
3404	8
3405	4
3406	7
3407	10
3408	6
3409	2
3410	7
3411	7
3412	6
3413	8
3414	9
3415	4
3416	11
3417	7
3418	4
3419	6
3420	7
3421	9
3422	6
3423	6
3424	4
3425	4
3426	8
3427	7
3428	6
3429	8
3430	10
3431	7
3432	2
3433	5
3434	5
3435	10
3436	7
3437	5
3438	6
3439	6
3440	10
3441	11
3442	10
3443	6
3444	9
3445	10
3446	8
3447	8
3448	4
3449	10
3450	16
3451	11
3452	9
3453	8
3454	4
3455	11
3456	6
3457	11
3458	15
3459	9
3460	5
3461	5
3462	6
3463	6
3464	8
3465	8
3466	11
3467	8
3468	8
3469	13
3470	6
3471	8
3472	9
3473	9
3474	13
3475	5
3476	4
3477	11
3478	15
3479	11
3480	17
3481	12
3482	10
3483	7
3484	12
3485	4
3486	7
3487	9
3488	10
3489	19
3490	7
3491	9
3492	11
3493	13
3494	11
3495	12
3496	12
3497	13
3498	11
3499	13
3500	7
3501	11
3502	6
3503	17
3504	10
3505	16
3506	10
3507	11
3508	6
3509	12
3510	5
3511	13
3512	13
3513	14
3514	12
3515	11
3516	9
3517	9
3518	17
3519	11
3520	5
3521	7
3522	8
3523	10
3524	14
3525	20
3526	14
3527	8
3528	18
3529	13
3530	10
3531	7
3532	9
3533	13
3534	16
3535	10
3536	9
3537	11
3538	13
3539	21
3540	12
3541	9
3542	9
3543	15
3544	10
3545	16
3546	15
3547	13
3548	13
3549	9
3550	14
3551	11
3552	9
3553	8
3554	18
3555	16
3556	8
3557	20
3558	5
3559	14
3560	11
3561	16
3562	22
3563	14
3564	15
3565	17
3566	18
3567	25
3568	7
3569	12
3570	6
3571	20
3572	8
3573	7
3574	13
3575	18
3576	9
3577	18
3578	8
3579	16
3580	13
3581	18
3582	13
3583	16
3584	12
3585	20
3586	19
3587	14
3588	24
3589	16
3590	12
3591	18
3592	18
3593	12
3594	14
3595	13
3596	15
3597	12
3598	14
3599	13
3600	18
3601	16
3602	18
3603	18
3604	17
3605	17
3606	23
3607	13
3608	15
3609	17
3610	18
3611	19
3612	22
3613	14
3614	21
3615	26
3616	18
3617	14
3618	23
3619	24
3620	22
3621	21
3622	13
3623	12
3624	23
3625	14
3626	23
3627	24
3628	22
3629	21
3630	16
3631	21
3632	22
3633	18
3634	14
3635	24
3636	25
3637	18
3638	37
3639	19
3640	22
3641	26
3642	17
3643	21
3644	20
3645	18
3646	21
3647	24
3648	22
3649	20
3650	21
3651	18
3652	26
3653	15
3654	10
3655	23
3656	17
3657	21
3658	27
3659	21
3660	24
3661	24
3662	15
3663	25
3664	20
3665	17
3666	14
3667	24
3668	23
3669	15
3670	19
3671	22
3672	24
3673	14
3674	11
3675	28
3676	25
3677	30
3678	16
3679	28
3680	16
3681	16
3682	25
3683	17
3684	25
3685	19
3686	26
3687	27
3688	23
3689	20
3690	26
3691	24
3692	20
3693	25
3694	19
3695	18
3696	31
3697	25
3698	28
3699	16
3700	22
3701	33
3702	26
3703	18
3704	22
3705	24
3706	23
3707	26
3708	28
3709	15
3710	12
3711	23
3712	27
3713	29
3714	16
3715	19
3716	22
3717	25
3718	26
3719	27
3720	20
3721	22
3722	25
3723	20
3724	25
3725	22
3726	26
3727	19
3728	24
3729	29
3730	22
3731	22
3732	21
3733	23
3734	27
3735	20
3736	26
3737	21
3738	36
3739	30
3740	31
3741	27
3742	26
3743	28
3744	28
3745	33
3746	31
3747	28
3748	30
3749	22
3750	24
3751	29
3752	29
3753	32
3754	23
3755	23
3756	26
3757	21
3758	31
3759	26
3760	28
3761	27
3762	30
3763	35
3764	25
3765	28
3766	18
3767	25
3768	18
3769	24
3770	32
3771	28
3772	29
3773	29
3774	32
3775	32
3776	25
3777	18
3778	34
3779	25
3780	28
3781	28
3782	38
3783	27
3784	20
3785	23
3786	27
3787	28
3788	23
3789	29
3790	29
3791	35
3792	28
3793	30
3794	29
3795	30
3796	26
3797	25
3798	29
3799	17
3800	24
3801	23
3802	23
3803	43
3804	31
3805	25
3806	26
3807	30
3808	20
3809	25
3810	33
3811	36
3812	32
3813	36
3814	34
3815	43
3816	41
3817	34
3818	29
3819	21
3820	35
3821	21
3822	31
3823	37
3824	31
3825	32
3826	33
3827	32
3828	30
3829	28
3830	26
3831	24
3832	25
3833	32
3834	29
3835	32
3836	29
3837	29
3838	36
3839	34
3840	33
3841	34
3842	35
3843	31
3844	34
3845	35
3846	29
3847	41
3848	28
3849	39
3850	29
3851	30
3852	40
3853	44
3854	26
3855	35
3856	42
3857	27
3858	37
3859	27
3860	40
3861	37
3862	38
3863	27
3864	29
3865	34
3866	30
3867	44
3868	24
3869	27
3870	40
3871	36
3872	31
3873	50
3874	24
3875	23
3876	40
3877	25
3878	35
3879	35
3880	28
3881	30
3882	40
3883	35
3884	43
3885	34
3886	35
3887	35
3888	28
3889	36
3890	41
3891	39
3892	27
3893	31
3894	39
3895	37
3896	41
3897	32
3898	27
3899	29
3900	36
3901	35
3902	26
3903	43
3904	35
3905	45
3906	43
3907	34
3908	43
3909	38
3910	33
3911	35
3912	34
3913	42
3914	44
3915	52
3916	35
3917	37
3918	29
3919	26
3920	37
3921	34
3922	42
3923	25
3924	36
3925	34
3926	50
3927	38
3928	44
3929	41
3930	34
3931	29
3932	40
3933	34
3934	49
3935	35
3936	40
3937	46
3938	46
3939	44
3940	35
3941	40
3942	31
3943	34
3944	39
3945	31
3946	39
3947	34
3948	39
3949	37
3950	45
3951	49
3952	44
3953	36
3954	31
3955	30
3956	36
3957	40
3958	45
3959	42
3960	33
3961	38
3962	49
3963	37
3964	35
3965	31
3966	45
3967	41
3968	37
3969	39
3970	31
3971	48
3972	38
3973	30
3974	41
3975	46
3976	45
3977	37
3978	34
3979	38
3980	44
3981	43
3982	47
3983	41
3984	37
3985	45
3986	38
3987	32
3988	32
3989	35
3990	42
3991	48
3992	29
3993	46
3994	45
3995	46
3996	39
3997	40
3998	30
3999	47
4000	33
4001	47
4002	30
4003	46
4004	47
4005	42
4006	49
4007	30
4008	41
4009	53
4010	43
4011	48
4012	42
4013	31
4014	35
4015	50
4016	51
4017	37
4018	42
4019	55
4020	48
4021	37
4022	52
4023	33
4024	41
4025	37
4026	34
4027	53
4028	55
4029	42
4030	34
4031	47
4032	50
4033	49
4034	49
4035	33
4036	64
4037	37
4038	44
4039	57
4040	49
4041	50
4042	47
4043	46
4044	50
4045	55
4046	37
4047	37
4048	47
4049	40
4050	43
4051	47
4052	52
4053	30
4054	39
4055	64
4056	38
4057	72
4058	56
4059	38
4060	46
4061	56
4062	34
4063	50
4064	36
4065	45
4066	41
4067	40
4068	57
4069	48
4070	57
4071	39
4072	51
4073	48
4074	47
4075	44
4076	40
4077	56
4078	43
4079	52
4080	40
4081	44
4082	49
4083	51
4084	39
4085	55
4086	42
4087	39
4088	47
4089	52
4090	54
4091	45
4092	46
4093	41
4094	42
4095	35
4096	49
4097	52
4098	55
4099	42
4100	50
4101	50
4102	49
4103	48
4104	47
4105	46
4106	50
4107	58
4108	57
4109	51
4110	53
4111	50
4112	44
4113	62
4114	43
4115	47
4116	45
4117	46
4118	46
4119	54
4120	43
4121	37
4122	53
4123	43
4124	55
4125	42
4126	47
4127	62
4128	50
4129	43
4130	47
4131	40
4132	41
4133	56
4134	50
4135	44
4136	34
4137	33
4138	40
4139	47
4140	58
4141	44
4142	36
4143	50
4144	51
4145	46
4146	48
4147	61
4148	46
4149	47
4150	65
4151	43
4152	56
4153	34
4154	55
4155	43
4156	47
4157	51
4158	49
4159	38
4160	42
4161	56
4162	39
4163	51
4164	58
4165	28
4166	51
4167	56
4168	45
4169	67
4170	53
4171	52
4172	63
4173	52
4174	34
4175	46
4176	51
4177	45
4178	41
4179	51
4180	50
4181	55
4182	55
4183	56
4184	54
4185	44
4186	45
4187	39
4188	54
4189	55
4190	34
4191	58
4192	43
4193	53
4194	51
4195	56
4196	49
4197	50
4198	56
4199	42
4200	54
4201	47
4202	51
4203	58
4204	46
4205	50
4206	41
4207	44
4208	36
4209	44
4210	47
4211	47
4212	53
4213	38
4214	62
4215	45
4216	52
4217	60
4218	53
4219	55
4220	62
4221	47
4222	58
4223	55
4224	40
4225	58
4226	59
4227	58
4228	52
4229	56
4230	44
4231	40
4232	53
4233	62
4234	65
4235	52
4236	48
4237	59
4238	52
4239	54
4240	63
4241	49
4242	56
4243	58
4244	42
4245	49
4246	55
4247	51
4248	37
4249	49
4250	65
4251	67
4252	46
4253	49
4254	55
4255	54
4256	46
4257	64
4258	50
4259	44
4260	59
4261	51
4262	64
4263	37
4264	59
4265	53
4266	59
4267	52
4268	49
4269	57
4270	48
4271	55
4272	49
4273	55
4274	68
4275	54
4276	68
4277	52
4278	50
4279	48
4280	50
4281	42
4282	55
4283	50
4284	57
4285	50
4286	58
4287	53
4288	50
4289	67
4290	44
4291	61
4292	49
4293	42
4294	52
4295	56
4296	51
4297	51
4298	43
4299	62
4300	62
4301	61
4302	59
4303	50
4304	48
4305	48
4306	52
4307	51
4308	43
4309	53
4310	71
4311	58
4312	67
4313	61
4314	58
4315	62
4316	50
4317	62
4318	44
4319	40
4320	43
4321	56
4322	56
4323	57
4324	60
4325	45
4326	52
4327	53
4328	51
4329	45
4330	58
4331	57
4332	45
4333	49
4334	49
4335	57
4336	63
4337	58
4338	43
4339	53
4340	53
4341	60
4342	59
4343	48
4344	51
4345	58
4346	66
4347	47
4348	34
4349	45
4350	67
4351	40
4352	54
4353	54
4354	55
4355	45
4356	53
4357	44
4358	58
4359	48
4360	52
4361	65
4362	47
4363	55
4364	59
4365	57
4366	47
4367	47
4368	56
4369	48
4370	55
4371	67
4372	51
4373	52
4374	53
4375	50
4376	45
4377	66
4378	61
4379	62
4380	43
4381	62
4382	58
4383	50
4384	51
4385	68
4386	48
4387	50
4388	42
4389	50
4390	70
4391	55
4392	43
4393	53
4394	43
4395	61
4396	47
4397	43
4398	62
4399	50
4400	60
4401	65
4402	62
4403	58
4404	52
4405	48
4406	53
4407	69
4408	59
4409	56
4410	63
4411	56
4412	44
4413	51
4414	61
4415	40
4416	56
4417	36
4418	60
4419	54
4420	48
4421	51
4422	50
4423	56
4424	60
4425	61
4426	59
4427	53
4428	51
4429	63
4430	42
4431	61
4432	62
4433	57
4434	57
4435	58
4436	57
4437	58
4438	56
4439	49
4440	50
4441	56
4442	56
4443	49
4444	61
4445	42
4446	55
4447	45
4448	46
4449	58
4450	60
4451	64
4452	74
4453	78
4454	47
4455	56
4456	58
4457	57
4458	42
4459	56
4460	58
4461	63
4462	52
4463	59
4464	45
4465	58
4466	54
4467	47
4468	55
4469	39
4470	45
4471	65
4472	52
4473	44
4474	59
4475	44
4476	49
4477	66
4478	48
4479	50
4480	52
4481	35
4482	61
4483	61
4484	40
4485	57
4486	60
4487	65
4488	56
4489	58
4490	64
4491	54
4492	47
4493	53
4494	56
4495	55
4496	55
4497	63
4498	46
4499	49
4500	51
4501	64
4502	60
4503	47
4504	40
4505	59
4506	66
4507	56
4508	55
4509	70
4510	52
4511	54
4512	53
4513	48
4514	55
4515	45
4516	62
4517	54
4518	53
4519	64
4520	38
4521	39
4522	34
4523	44
4524	51
4525	53
4526	71
4527	53
4528	63
4529	63
4530	52
4531	43
4532	64
4533	56
4534	54
4535	48
4536	56
4537	44
4538	53
4539	54
4540	49
4541	38
4542	64
4543	55
4544	52
4545	42
4546	71
4547	51
4548	61
4549	55
4550	45
4551	53
4552	48
4553	47
4554	63
4555	44
4556	47
4557	69
4558	51
4559	53
4560	65
4561	51
4562	55
4563	59
4564	53
4565	40
4566	56
4567	46
4568	49
4569	48
4570	53
4571	59
4572	60
4573	55
4574	59
4575	44
4576	53
4577	54
4578	50
4579	58
4580	68
4581	71
4582	51
4583	60
4584	66
4585	56
4586	55
4587	60
4588	51
4589	64
4590	62
4591	55
4592	66
4593	50
4594	59
4595	45
4596	51
4597	59
4598	62
4599	52
4600	52
4601	53
4602	51
4603	54
4604	53
4605	55
4606	53
4607	48
4608	59
4609	57
4610	53
4611	61
4612	59
4613	54
4614	58
4615	54
4616	48
4617	44
4618	50
4619	38
4620	42
4621	53
4622	48
4623	53
4624	62
4625	71
4626	62
4627	56
4628	44
4629	55
4630	37
4631	56
4632	49
4633	40
4634	60
4635	46
4636	46
4637	52
4638	50
4639	69
4640	41
4641	41
4642	48
4643	50
4644	60
4645	60
4646	57
4647	48
4648	55
4649	46
4650	58
4651	59
4652	59
4653	52
4654	52
4655	59
4656	51
4657	46
4658	63
4659	43
4660	65
4661	52
4662	64
4663	55
4664	53
4665	59
4666	50
4667	62
4668	53
4669	50
4670	53
4671	45
4672	43
4673	49
4674	36
4675	51
4676	43
4677	72
4678	63
4679	52
4680	62
4681	56
4682	46
4683	48
4684	52
4685	55
4686	52
4687	36
4688	33
4689	44
4690	39
4691	40
4692	45
4693	60
4694	54
4695	67
4696	48
4697	58
4698	57
4699	69
4700	56
4701	59
4702	49
4703	55
4704	58
4705	45
4706	39
4707	50
4708	43
4709	45
4710	47
4711	54
4712	63
4713	59
4714	45
4715	48
4716	49
4717	55
4718	36
4719	46
4720	52
4721	63
4722	52
4723	49
4724	40
4725	50
4726	49
4727	51
4728	52
4729	51
4730	42
4731	46
4732	54
4733	55
4734	53
4735	49
4736	54
4737	65
4738	57
4739	62
4740	47
4741	53
4742	33
4743	36
4744	60
4745	59
4746	44
4747	47
4748	37
4749	46
4750	54
4751	48
4752	47
4753	36
4754	68
4755	44
4756	55
4757	39
4758	40
4759	42
4760	38
4761	59
4762	47
4763	45
4764	66
4765	40
4766	45
4767	55
4768	58
4769	44
4770	41
4771	59
4772	41
4773	42
4774	57
4775	63
4776	63
4777	48
4778	50
4779	70
4780	39
4781	51
4782	50
4783	48
4784	43
4785	48
4786	37
4787	60
4788	33
4789	47
4790	41
4791	39
4792	38
4793	45
4794	46
4795	56
4796	42
4797	50
4798	54
4799	62
4800	48
4801	39
4802	63
4803	38
4804	36
4805	53
4806	52
4807	62
4808	57
4809	54
4810	51
4811	45
4812	55
4813	48
4814	47
4815	55
4816	46
4817	38
4818	57
4819	54
4820	47
4821	46
4822	39
4823	44
4824	42
4825	55
4826	61
4827	48
4828	57
4829	48
4830	35
4831	42
4832	36
4833	47
4834	57
4835	55
4836	47
4837	36
4838	45
4839	55
4840	41
4841	33
4842	57
4843	55
4844	41
4845	51
4846	54
4847	46
4848	50
4849	49
4850	55
4851	56
4852	52
4853	53
4854	36
4855	49
4856	62
4857	54
4858	48
4859	45
4860	37
4861	43
4862	35
4863	46
4864	46
4865	38
4866	44
4867	45
4868	34
4869	57
4870	36
4871	48
4872	52
4873	46
4874	53
4875	38
4876	48
4877	49
4878	50
4879	47
4880	41
4881	52
4882	40
4883	50
4884	40
4885	38
4886	52
4887	54
4888	32
4889	51
4890	49
4891	35
4892	33
4893	33
4894	51
4895	51
4896	43
4897	40
4898	53
4899	41
4900	45
4901	50
4902	35
4903	42
4904	32
4905	41
4906	47
4907	38
4908	47
4909	47
4910	31
4911	39
4912	34
4913	50
4914	47
4915	48
4916	35
4917	43
4918	58
4919	44
4920	34
4921	39
4922	49
4923	32
4924	38
4925	46
4926	39
4927	37
4928	48
4929	50
4930	38
4931	53
4932	38
4933	57
4934	50
4935	47
4936	33
4937	44
4938	34
4939	43
4940	47
4941	54
4942	31
4943	57
4944	37
4945	33
4946	49
4947	38
4948	44
4949	43
4950	47
4951	43
4952	41
4953	48
4954	47
4955	29
4956	45
4957	45
4958	45
4959	45
4960	54
4961	41
4962	40
4963	45
4964	37
4965	38
4966	38
4967	39
4968	48
4969	43
4970	40
4971	48
4972	49
4973	43
4974	41
4975	48
4976	50
4977	43
4978	34
4979	48
4980	48
4981	43
4982	53
4983	52
4984	50
4985	30
4986	35
4987	44
4988	36
4989	38
4990	53
4991	48
4992	44
4993	37
4994	38
4995	39
4996	47
4997	33
4998	35
4999	40
5000	52
5001	40
5002	35
5003	50
5004	53
5005	45
5006	44
5007	38
5008	37
5009	47
5010	30
5011	44
5012	39
5013	55
5014	37
5015	36
5016	49
5017	53
5018	40
5019	38
5020	40
5021	43
5022	30
5023	30
5024	37
5025	38
5026	53
5027	45
5028	25
5029	55
5030	46
5031	50
5032	30
5033	42
5034	42
5035	46
5036	38
5037	33
5038	35
5039	42
5040	52
5041	34
5042	45
5043	37
5044	32
5045	53
5046	36
5047	47
5048	35
5049	32
5050	44
5051	42
5052	44
5053	48
5054	39
5055	35
5056	35
5057	37
5058	43
5059	37
5060	43
5061	31
5062	40
5063	39
5064	38
5065	44
5066	41
5067	38
5068	39
5069	38
5070	36
5071	38
5072	49
5073	42
5074	39
5075	41
5076	40
5077	38
5078	38
5079	30
5080	28
5081	39
5082	41
5083	43
5084	35
5085	46
5086	35
5087	49
5088	47
5089	36
5090	47
5091	46
5092	40
5093	57
5094	42
5095	29
5096	38
5097	32
5098	36
5099	36
5100	32
5101	33
5102	41
5103	45
5104	46
5105	44
5106	31
5107	35
5108	37
5109	43
5110	42
5111	41
5112	32
5113	37
5114	36
5115	38
5116	42
5117	44
5118	35
5119	31
5120	40
5121	40
5122	30
5123	35
5124	39
5125	41
5126	34
5127	45
5128	34
5129	35
5130	47
5131	39
5132	36
5133	38
5134	31
5135	38
5136	32
5137	37
5138	47
5139	32
5140	37
5141	34
5142	28
5143	39
5144	38
5145	44
5146	26
5147	35
5148	40
5149	45
5150	37
5151	35
5152	32
5153	30
5154	47
5155	39
5156	45
5157	31
5158	34
5159	34
5160	50
5161	29
5162	34
5163	36
5164	44
5165	48
5166	48
5167	51
5168	40
5169	35
5170	39
5171	39
5172	36
5173	35
5174	43
5175	34
5176	45
5177	38
5178	42
5179	36
5180	37
5181	33
5182	35
5183	36
5184	32
5185	33
5186	27
5187	36
5188	37
5189	34
5190	29
5191	39
5192	31
5193	32
5194	50
5195	40
5196	35
5197	24
5198	35
5199	25
5200	38
5201	34
5202	37
5203	34
5204	41
5205	31
5206	32
5207	33
5208	39
5209	34
5210	36
5211	32
5212	37
5213	28
5214	40
5215	50
5216	41
5217	32
5218	34
5219	33
5220	27
5221	32
5222	32
5223	27
5224	30
5225	32
5226	40
5227	26
5228	35
5229	40
5230	32
5231	30
5232	37
5233	41
5234	33
5235	30
5236	38
5237	24
5238	36
5239	35
5240	31
5241	38
5242	51
5243	29
5244	25
5245	31
5246	27
5247	34
5248	35
5249	28
5250	35
5251	41
5252	32
5253	39
5254	38
5255	30
5256	27
5257	38
5258	36
5259	34
5260	31
5261	36
5262	38
5263	35
5264	28
5265	40
5266	27
5267	27
5268	33
5269	37
5270	35
5271	31
5272	29
5273	42
5274	39
5275	24
5276	37
5277	31
5278	24
5279	22
5280	37
5281	25
5282	30
5283	27
5284	33
5285	36
5286	24
5287	36
5288	35
5289	30
5290	30
5291	47
5292	28
5293	30
5294	28
5295	28
5296	32
5297	24
5298	22
5299	29
5300	34
5301	33
5302	23
5303	37
5304	27
5305	31
5306	50
5307	20
5308	29
5309	28
5310	32
5311	30
5312	36
5313	29
5314	33
5315	26
5316	26
5317	29
5318	18
5319	37
5320	32
5321	26
5322	32
5323	31
5324	29
5325	37
5326	40
5327	37
5328	34
5329	37
5330	25
5331	24
5332	22
5333	29
5334	32
5335	28
5336	22
5337	31
5338	28
5339	31
5340	27
5341	28
5342	31
5343	29
5344	17
5345	30
5346	31
5347	34
5348	27
5349	32
5350	33
5351	20
5352	29
5353	31
5354	26
5355	26
5356	26
5357	19
5358	28
5359	46
5360	30
5361	28
5362	44
5363	21
5364	27
5365	28
5366	34
5367	35
5368	32
5369	33
5370	31
5371	24
5372	28
5373	36
5374	35
5375	18
5376	24
5377	27
5378	29
5379	21
5380	28
5381	35
5382	34
5383	24
5384	32
5385	26
5386	29
5387	17
5388	37
5389	31
5390	34
5391	36
5392	30
5393	25
5394	20
5395	32
5396	29
5397	21
5398	24
5399	26
5400	20
5401	22
5402	32
5403	24
5404	34
5405	33
5406	19
5407	23
5408	28
5409	37
5410	25
5411	29
5412	27
5413	31
5414	33
5415	23
5416	22
5417	34
5418	37
5419	30
5420	28
5421	41
5422	23
5423	36
5424	30
5425	17
5426	32
5427	23
5428	23
5429	27
5430	24
5431	24
5432	24
5433	31
5434	27
5435	26
5436	24
5437	25
5438	20
5439	30
5440	23
5441	24
5442	37
5443	32
5444	34
5445	27
5446	32
5447	29
5448	25
5449	22
5450	25
5451	25
5452	28
5453	22
5454	27
5455	34
5456	24
5457	22
5458	35
5459	31
5460	27
5461	28
5462	35
5463	21
5464	23
5465	31
5466	26
5467	26
5468	26
5469	29
5470	25
5471	28
5472	27
5473	13
5474	33
5475	24
5476	29
5477	28
5478	18
5479	29
5480	22
5481	26
5482	27
5483	32
5484	26
5485	24
5486	26
5487	27
5488	21
5489	22
5490	18
5491	21
5492	19
5493	25
5494	29
5495	22
5496	19
5497	19
5498	20
5499	30
5500	30
5501	21
5502	23
5503	30
5504	21
5505	23
5506	29
5507	20
5508	29
5509	31
5510	21
5511	20
5512	26
5513	23
5514	19
5515	23
5516	15
5517	27
5518	28
5519	18
5520	23
5521	24
5522	19
5523	25
5524	26
5525	22
5526	31
5527	28
5528	30
5529	23
5530	24
5531	15
5532	19
5533	27
5534	13
5535	23
5536	27
5537	14
5538	19
5539	22
5540	25
5541	31
5542	36
5543	22
5544	18
5545	23
5546	22
5547	22
5548	25
5549	21
5550	30
5551	26
5552	26
5553	25
5554	17
5555	22
5556	13
5557	19
5558	27
5559	20
5560	28
5561	22
5562	26
5563	20
5564	36
5565	23
5566	17
5567	24
5568	23
5569	29
5570	17
5571	24
5572	24
5573	32
5574	19
5575	20
5576	17
5577	18
5578	26
5579	22
5580	11
5581	22
5582	16
5583	24
5584	21
5585	23
5586	16
5587	20
5588	29
5589	26
5590	21
5591	24
5592	28
5593	35
5594	16
5595	15
5596	18
5597	21
5598	27
5599	31
5600	21
5601	30
5602	23
5603	31
5604	21
5605	19
5606	21
5607	21
5608	26
5609	28
5610	22
5611	24
5612	25
5613	23
5614	17
5615	20
5616	17
5617	19
5618	27
5619	25
5620	23
5621	23
5622	25
5623	16
5624	12
5625	28
5626	28
5627	27
5628	17
5629	24
5630	27
5631	26
5632	22
5633	29
5634	19
5635	21
5636	20
5637	24
5638	13
5639	22
5640	21
5641	33
5642	23
5643	15
5644	23
5645	20
5646	20
5647	20
5648	18
5649	21
5650	27
5651	23
5652	26
5653	19
5654	22
5655	20
5656	29
5657	20
5658	23
5659	26
5660	23
5661	24
5662	21
5663	19
5664	12
5665	24
5666	21
5667	16
5668	18
5669	20
5670	18
5671	27
5672	26
5673	21
5674	12
5675	15
5676	18
5677	20
5678	21
5679	16
5680	17
5681	23
5682	18
5683	17
5684	27
5685	19
5686	20
5687	21
5688	26
5689	20
5690	25
5691	15
5692	14
5693	25
5694	25
5695	18
5696	17
5697	18
5698	23
5699	14
5700	16
5701	19
5702	23
5703	25
5704	23
5705	20
5706	16
5707	15
5708	15
5709	19
5710	16
5711	18
5712	21
5713	17
5714	19
5715	20
5716	25
5717	20
5718	10
5719	23
5720	19
5721	19
5722	25
5723	21
5724	15
5725	27
5726	18
5727	17
5728	17
5729	10
5730	13
5731	19
5732	21
5733	18
5734	17
5735	23
5736	23
5737	14
5738	21
5739	9
5740	13
5741	18
5742	17
5743	22
5744	20
5745	19
5746	19
5747	18
5748	16
5749	16
5750	9
5751	18
5752	19
5753	19
5754	18
5755	9
5756	16
5757	17
5758	21
5759	16
5760	21
5761	19
5762	21
5763	17
5764	18
5765	22
5766	16
5767	22
5768	19
5769	13
5770	15
5771	16
5772	18
5773	18
5774	23
5775	13
5776	19
5777	13
5778	10
5779	21
5780	14
5781	17
5782	24
5783	26
5784	16
5785	12
5786	21
5787	16
5788	23
5789	16
5790	26
5791	20
5792	16
5793	19
5794	20
5795	11
5796	18
5797	23
5798	15
5799	16
5800	20
5801	20
5802	10
5803	20
5804	14
5805	11
5806	13
5807	25
5808	12
5809	19
5810	18
5811	17
5812	18
5813	17
5814	18
5815	22
5816	10
5817	5
5818	17
5819	15
5820	18
5821	22
5822	20
5823	21
5824	18
5825	13
5826	22
5827	15
5828	12
5829	22
5830	18
5831	17
5832	9
5833	8
5834	21
5835	15
5836	15
5837	18
5838	19
5839	15
5840	19
5841	8
5842	17
5843	14
5844	19
5845	21
5846	13
5847	17
5848	16
5849	10
5850	16
5851	15
5852	13
5853	13
5854	17
5855	19
5856	15
5857	19
5858	13
5859	20
5860	10
5861	14
5862	12
5863	14
5864	16
5865	18
5866	16
5867	10
5868	18
5869	16
5870	18
5871	19
5872	10
5873	13
5874	12
5875	17
5876	17
5877	18
5878	11
5879	13
5880	12
5881	15
5882	23
5883	12
5884	17
5885	16
5886	12
5887	16
5888	17
5889	15
5890	9
5891	17
5892	12
5893	12
5894	11
5895	14
5896	14
5897	18
5898	14
5899	8
5900	12
5901	19
5902	17
5903	20
5904	11
5905	20
5906	15
5907	16
5908	12
5909	13
5910	13
5911	16
5912	16
5913	11
5914	14
5915	17
5916	19
5917	13
5918	17
5919	15
5920	6
5921	19
5922	17
5923	10
5924	13
5925	14
5926	14
5927	17
5928	11
5929	18
5930	16
5931	10
5932	20
5933	11
5934	13
5935	14
5936	13
5937	11
5938	10
5939	15
5940	20
5941	12
5942	19
5943	13
5944	14
5945	10
5946	21
5947	20
5948	13
5949	19
5950	9
5951	17
5952	15
5953	18
5954	15
5955	14
5956	16
5957	17
5958	14
5959	12
5960	15
5961	14
5962	15
5963	10
5964	17
5965	16
5966	16
5967	16
5968	12
5969	20
5970	15
5971	22
5972	12
5973	19
5974	15
5975	12
5976	10
5977	16
5978	12
5979	11
5980	19
5981	15
5982	15
5983	13
5984	10
5985	11
5986	13
5987	17
5988	17
5989	17
5990	6
5991	9
5992	12
5993	13
5994	14
5995	14
5996	11
5997	12
5998	21
5999	12
6000	12
6001	19
6002	13
6003	9
6004	9
6005	11
6006	14
6007	4
6008	9
6009	10
6010	15
6011	15
6012	16
6013	12
6014	10
6015	17
6016	19
6017	8
6018	12
6019	11
6020	16
6021	15
6022	8
6023	12
6024	7
6025	10
6026	16
6027	22
6028	7
6029	19
6030	12
6031	14
6032	11
6033	12
6034	14
6035	14
6036	11
6037	12
6038	7
6039	14
6040	13
6041	13
6042	9
6043	15
6044	18
6045	11
6046	23
6047	10
6048	10
6049	11
6050	14
6051	6
6052	14
6053	11
6054	16
6055	20
6056	12
6057	14
6058	7
6059	9
6060	13
6061	12
6062	13
6063	16
6064	10
6065	11
6066	10
6067	10
6068	11
6069	16
6070	7
6071	14
6072	12
6073	9
6074	14
6075	12
6076	17
6077	6
6078	11
6079	15
6080	11
6081	14
6082	15
6083	15
6084	12
6085	8
6086	11
6087	20
6088	13
6089	13
6090	13
6091	12
6092	9
6093	13
6094	9
6095	13
6096	6
6097	8
6098	13
6099	10
6100	12
6101	11
6102	9
6103	8
6104	11
6105	13
6106	13
6107	10
6108	7
6109	17
6110	12
6111	8
6112	3
6113	10
6114	14
6115	12
6116	10
6117	9
6118	13
6119	12
6120	11
6121	13
6122	11
6123	15
6124	9
6125	11
6126	16
6127	11
6128	9
6129	10
6130	9
6131	11
6132	10
6133	10
6134	9
6135	6
6136	10
6137	14
6138	7
6139	14
6140	7
6141	10
6142	8
6143	13
6144	7
6145	14
6146	15
6147	10
6148	10
6149	12
6150	13
6151	11
6152	17
6153	9
6154	10
6155	10
6156	13
6157	12
6158	11
6159	10
6160	7
6161	18
6162	6
6163	13
6164	15
6165	11
6166	13
6167	5
6168	9
6169	8
6170	14
6171	13
6172	11
6173	15
6174	11
6175	10
6176	8
6177	7
6178	10
6179	13
6180	14
6181	7
6182	7
6183	6
6184	16
6185	12
6186	4
6187	11
6188	14
6189	7
6190	9
6191	7
6192	8
6193	10
6194	15
6195	17
6196	5
6197	9
6198	9
6199	14
6200	12
6201	9
6202	8
6203	6
6204	13
6205	11
6206	13
6207	9
6208	8
6209	8
6210	5
6211	5
6212	7
6213	9
6214	7
6215	8
6216	7
6217	7
6218	11
6219	8
6220	7
6221	9
6222	7
6223	13
6224	5
6225	12
6226	12
6227	8
6228	5
6229	12
6230	11
6231	4
6232	9
6233	5
6234	13
6235	11
6236	6
6237	3
6238	9
6239	5
6240	7
6241	3
6242	9
6243	9
6244	17
6245	6
6246	10
6247	10
6248	8
6249	10
6250	6
6251	9
6252	5
6253	7
6254	8
6255	4
6256	10
6257	10
6258	10
6259	18
6260	8
6261	8
6262	9
6263	10
6264	8
6265	9
6266	9
6267	4
6268	12
6269	11
6270	10
6271	11
6272	10
6273	9
6274	12
6275	10
6276	13
6277	7
6278	7
6279	7
6280	6
6281	10
6282	10
6283	8
6284	8
6285	14
6286	6
6287	10
6288	11
6289	11
6290	16
6291	11
6292	4
6293	9
6294	10
6295	11
6296	8
6297	9
6298	12
6299	6
6300	16
6301	7
6302	8
6303	6
6304	9
6305	3
6306	13
6307	6
6308	9
6309	9
6310	7
6311	11
6312	9
6313	10
6314	8
6315	5
6316	14
6317	9
6318	9
6319	14
6320	14
6321	8
6322	5
6323	5
6324	6
6325	8
6326	7
6327	7
6328	12
6329	13
6330	8
6331	6
6332	14
6333	10
6334	4
6335	4
6336	8
6337	11
6338	11
6339	7
6340	3
6341	6
6342	16
6343	8
6344	11
6345	6
6346	5
6347	10
6348	9
6349	6
6350	6
6351	13
6352	11
6353	8
6354	5
6355	10
6356	3
6357	3
6358	13
6359	5
6360	9
6361	5
6362	8
6363	11
6364	10
6365	6
6366	6
6367	7
6368	5
6369	5
6370	11
6371	9
6372	9
6373	8
6374	8
6375	5
6376	5
6377	4
6378	5
6379	7
6380	11
6381	6
6382	11
6383	9
6384	9
6385	8
6386	12
6387	11
6388	6
6389	5
6390	7
6391	9
6392	5
6393	6
6394	7
6395	9
6396	11
6397	2
6398	7
6399	8
6400	1
6401	3
6402	8
6403	6
6404	3
6405	12
6406	6
6407	8
6408	8
6409	12
6410	7
6411	12
6412	4
6413	4
6414	11
6415	7
6416	10
6417	3
6418	5
6419	4
6420	9
6421	7
6422	7
6423	4
6424	5
6425	7
6426	9
6427	11
6428	9
6429	7
6430	9
6431	5
6432	10
6433	10
6434	5
6435	7
6436	4
6437	9
6438	5
6439	10
6440	7
6441	7
6442	6
6443	4
6444	7
6445	9
6446	5
6447	13
6448	9
6449	6
6450	4
6451	7
6452	8
6453	6
6454	5
6455	10
6456	9
6457	8
6458	4
6459	10
6460	4
6461	5
6462	8
6463	3
6464	9
6465	8
6466	8
6467	8
6468	4
6469	5
6470	9
6471	6
6472	7
6473	5
6474	6
6475	6
6476	13
6477	6
6478	6
6479	6
6480	10
6481	10
6482	7
6483	4
6484	3
6485	8
6486	7
6487	2
6488	8
6489	10
6490	8
6491	5
6492	12
6493	7
6494	11
6495	4
6496	7
6497	4
6498	7
6499	11
6500	2
6501	6
6502	4
6503	5
6504	6
6505	9
6506	5
6507	10
6508	11
6509	2
6510	7
6511	4
6512	4
6513	6
6514	5
6515	6
6516	6
6517	7
6518	7
6519	6
6520	6
6521	4
6522	7
6523	6
6524	8
6525	4
6526	7
6527	7
6528	5
6529	6
6530	5
6531	7
6532	2
6533	5
6534	9
6535	1
6536	4
6537	9
6538	4
6539	3
6540	8
6541	7
6542	8
6543	7
6544	9
6545	9
6546	2
6547	7
6548	5
6549	4
6550	5
6551	7
6552	9
6553	6
6554	9
6555	6
6556	7
6557	4
6558	4
6559	10
6560	9
6561	5
6562	4
6563	4
6564	7
6565	4
6566	6
6567	6
6568	7
6569	6
6570	7
6571	8
6572	7
6573	7
6574	4
6575	5
6576	5
6577	3
6578	8
6579	7
6580	5
6581	6
6582	4
6583	5
6584	5
6585	6
6586	15
6587	5
6588	5
6589	6
6590	4
6591	2
6592	4
6593	4
6594	4
6595	5
6596	5
6597	5
6598	3
6599	11
6600	5
6601	7
6602	1
6603	4
6604	9
6605	7
6606	7
6607	7
6608	5
6609	8
6610	6
6611	5
6612	2
6613	4
6614	9
6615	7
6616	4
6617	4
6618	1
6619	5
6620	8
6621	3
6622	8
6623	5
6624	6
6625	4
6626	7
6627	3
6628	9
6629	3
6630	7
6631	7
6632	2
6633	1
6634	5
6635	2
6636	6
6637	3
6638	4
6639	2
6640	6
6641	5
6642	4
6643	4
6644	6
6645	5
6646	3
6647	5
6648	5
6649	2
6650	2
6651	5
6652	2
6653	5
6654	4
6655	5
6656	7
6657	7
6658	9
6659	7
6660	7
6661	2
6662	4
6663	5
6664	4
6665	4
6666	9
6667	5
6668	8
6669	8
6670	2
6671	4
6672	5
6673	6
6674	5
6675	2
6676	8
6677	5
6678	2
6679	6
6680	3
6681	4
6682	3
6683	4
6684	3
6685	4
6686	1
6687	8
6688	4
6689	4
6690	9
6691	6
6692	2
6693	3
6694	6
6695	5
6696	3
6697	1
6698	7
6699	5
6700	4
6701	3
6702	7
6703	4
6704	11
6705	5
6706	9
6707	3
6708	5
6709	8
6710	6
6711	3
6712	4
6713	5
6714	3
6715	7
6716	5
6717	2
6718	6
6719	1
6720	5
6721	3
6722	7
6723	3
6724	4
6725	5
6726	4
6727	6
6728	6
6729	6
6730	7
6731	4
6732	4
6733	6
6734	7
6735	0
6736	6
6737	2
6738	6
6739	5
6740	6
6741	2
6742	5
6743	8
6744	4
6745	7
6746	8
6747	3
6748	7
6749	4
6750	5
6751	6
6752	3
6753	5
6754	6
6755	3
6756	5
6757	5
6758	3
6759	4
6760	5
6761	7
6762	3
6763	3
6764	4
6765	5
6766	8
6767	5
6768	6
6769	7
6770	1
6771	5
6772	4
6773	3
6774	4
6775	6
6776	5
6777	6
6778	7
6779	8
6780	5
6781	4
6782	4
6783	7
6784	4
6785	4
6786	7
6787	10
6788	4
6789	4
6790	5
6791	5
6792	6
6793	4
6794	0
6795	6
6796	7
6797	5
6798	4
6799	7
6800	4
6801	6
6802	5
6803	4
6804	3
6805	5
6806	6
6807	2
6808	5
6809	5
6810	5
6811	3
6812	6
6813	7
6814	5
6815	4
6816	5
6817	4
6818	5
6819	5
6820	4
6821	5
6822	1
6823	5
6824	7
6825	6
6826	4
6827	3
6828	5
6829	2
6830	3
6831	9
6832	0
6833	3
6834	2
6835	5
6836	9
6837	3
6838	6
6839	2
6840	5
6841	4
6842	2
6843	6
6844	5
6845	9
6846	6
6847	4
6848	4
6849	4
6850	4
6851	2
6852	3
6853	4
6854	5
6855	10
6856	4
6857	5
6858	6
6859	3
6860	6
6861	4
6862	5
6863	5
6864	3
6865	4
6866	6
6867	2
6868	6
6869	4
6870	2
6871	1
6872	2
6873	7
6874	2
6875	1
6876	1
6877	3
6878	8
6879	11
6880	4
6881	8
6882	2
6883	6
6884	1
6885	5
6886	4
6887	4
6888	5
6889	3
6890	3
6891	4
6892	1
6893	5
6894	2
6895	4
6896	10
6897	2
6898	3
6899	5
6900	4
6901	2
6902	3
6903	6
6904	3
6905	7
6906	0
6907	4
6908	3
6909	1
6910	2
6911	2
6912	5
6913	5
6914	2
6915	1
6916	2
6917	0
6918	6
6919	4
6920	1
6921	2
6922	4
6923	5
6924	3
6925	5
6926	5
6927	3
6928	3
6929	6
6930	5
6931	5
6932	5
6933	9
6934	3
6935	3
6936	5
6937	4
6938	2
6939	5
6940	3
6941	2
6942	3
6943	2
6944	5
6945	5
6946	3
6947	3
6948	2
6949	3
6950	0
6951	5
6952	2
6953	3
6954	6
6955	3
6956	2
6957	6
6958	2
6959	4
6960	3
6961	2
6962	2
6963	3
6964	3
6965	3
6966	3
6967	5
6968	1
6969	3
6970	2
6971	4
6972	4
6973	5
6974	2
6975	4
6976	6
6977	5
6978	6
6979	5
6980	3
6981	2
6982	3
6983	4
6984	4
6985	0
6986	5
6987	0
6988	2
6989	4
6990	4
6991	1
6992	1
6993	4
6994	8
6995	1
6996	2
6997	2
6998	10
6999	5
7000	4
7001	2
7002	6
7003	4
7004	1
7005	4
7006	1
7007	4
7008	9
7009	6
7010	3
7011	4
7012	2
7013	3
7014	1
7015	5
7016	1
7017	3
7018	1
7019	3
7020	5
7021	4
7022	2
7023	8
7024	3
7025	1
7026	2
7027	0
7028	3
7029	3
7030	2
7031	1
7032	3
7033	4
7034	1
7035	2
7036	6
7037	1
7038	8
7039	5
7040	2
7041	0
7042	3
7043	3
7044	0
7045	2
7046	2
7047	3
7048	0
7049	3
7050	5
7051	1
7052	1
7053	3
7054	2
7055	4
7056	4
7057	2
7058	4
7059	5
7060	2
7061	7
7062	2
7063	1
7064	4
7065	4
7066	2
7067	1
7068	1
7069	1
7070	3
7071	2
7072	4
7073	1
7074	3
7075	0
7076	4
7077	3
7078	4
7079	6
7080	3
7081	2
7082	3
7083	5
7084	4
7085	4
7086	1
7087	2
7088	1
7089	5
7090	2
7091	2
7092	5
7093	1
7094	1
7095	7
7096	3
7097	4
7098	1
7099	3
7100	4
7101	4
7102	4
7103	1
7104	5
7105	1
7106	2
7107	3
7108	0
7109	2
7110	4
7111	1
7112	2
7113	1
7114	3
7115	4
7116	3
7117	0
7118	4
7119	2
7120	2
7121	3
7122	4
7123	4
7124	3
7125	0
7126	1
7127	2
7128	4
7129	2
7130	5
7131	2
7132	3
7133	3
7134	1
7135	3
7136	3
7137	2
7138	5
7139	3
7140	5
7141	0
7142	3
7143	1
7144	2
7145	3
7146	3
7147	2
7148	0
7149	2
7150	1
7151	4
7152	5
7153	3
7154	2
7155	2
7156	1
7157	2
7158	9
7159	1
7160	1
7161	4
7162	6
7163	2
7164	1
7165	2
7166	2
7167	3
7168	3
7169	3
7170	4
7171	4
7172	3
7173	3
7174	2
7175	3
7176	2
7177	2
7178	3
7179	2
7180	1
7181	3
7182	6
7183	3
7184	8
7185	1
7186	2
7187	5
7188	1
7189	3
7190	2
7191	4
7192	1
7193	2
7194	1
7195	0
7196	0
7197	2
7198	3
7199	3
7200	1
7201	0
7202	1
7203	3
7204	3
7205	1
7206	2
7207	1
7208	1
7209	4
7210	2
7211	4
7212	2
7213	1
7214	2
7215	4
7216	0
7217	1
7218	2
7219	2
7220	0
7221	1
7222	0
7223	4
7224	7
7225	2
7226	3
7227	3
7228	1
7229	3
7230	2
7231	2
7232	1
7233	2
7234	2
7235	2
7236	2
7237	1
7238	1
7239	5
7240	0
7241	3
7242	4
7243	1
7244	2
7245	4
7246	4
7247	3
7248	5
7249	1
7250	7
7251	3
7252	1
7253	2
7254	2
7255	2
7256	1
7257	2
7258	1
7259	1
7260	2
7261	2
7262	2
7263	1
7264	2
7265	0
7266	1
7267	3
7268	2
7269	2
7270	4
7271	2
7272	2
7273	4
7274	2
7275	4
7276	1
7277	3
7278	1
7279	2
7280	1
7281	3
7282	2
7283	4
7284	0
7285	2
7286	3
7287	1
7288	2
7289	1
7290	4
7291	3
7292	0
7293	3
7294	1
7295	1
7296	2
7297	2
7298	1
7299	1
7300	1
7301	3
7302	5
7303	1
7304	2
7305	3
7306	4
7307	4
7308	2
7309	6
7310	1
7311	1
7312	3
7313	2
7314	4
7315	3
7316	0
7317	2
7318	1
7319	3
7320	2
7321	4
7322	0
7323	1
7324	2
7325	1
7326	1
7327	4
7328	3
7329	3
7330	1
7331	2
7332	3
7333	2
7334	2
7335	3
7336	0
7337	3
7338	4
7339	1
7340	4
7341	0
7342	1
7343	0
7344	3
7345	2
7346	4
7347	0
7348	1
7349	1
7350	3
7351	3
7352	2
7353	3
7354	2
7355	0
7356	3
7357	3
7358	1
7359	1
7360	1
7361	2
7362	1
7363	5
7364	1
7365	2
7366	1
7367	3
7368	1
7369	1
7370	2
7371	1
7372	0
7373	1
7374	1
7375	3
7376	2
7377	0
7378	2
7379	4
7380	2
7381	2
7382	2
7383	2
7384	0
7385	3
7386	1
7387	3
7388	1
7389	1
7390	2
7391	2
7392	1
7393	2
7394	3
7395	5
7396	4
7397	1
7398	2
7399	0
7400	4
7401	2
7402	2
7403	0
7404	3
7405	4
7406	2
7407	1
7408	4
7409	0
7410	2
7411	2
7412	1
7413	0
7414	4
7415	0
7416	2
7417	3
7418	1
7419	3
7420	2
7421	1
7422	1
7423	3
7424	2
7425	0
7426	0
7427	3
7428	4
7429	1
7430	0
7431	0
7432	4
7433	6
7434	0
7435	1
7436	1
7437	2
7438	3
7439	1
7440	1
7441	2
7442	1
7443	1
7444	1
7445	0
7446	1
7447	4
7448	4
7449	0
7450	1
7451	2
7452	2
7453	1
7454	1
7455	1
7456	1
7457	4
7458	0
7459	2
7460	1
7461	2
7462	3
7463	0
7464	2
7465	1
7466	2
7467	2
7468	1
7469	2
7470	5
7471	3
7472	0
7473	2
7474	1
7475	2
7476	2
7477	1
7478	5
7479	2
7480	4
7481	1
7482	3
7483	0
7484	2
7485	3
7486	1
7487	2
7488	5
7489	0
7490	2
7491	0
7492	0
7493	1
7494	3
7495	2
7496	3
7497	0
7498	1
7499	0
7500	2
7501	1
7502	0
7503	1
7504	2
7505	2
7506	0
7507	0
7508	2
7509	3
7510	3
7511	1
7512	2
7513	2
7514	2
7515	2
7516	2
7517	0
7518	2
7519	3
7520	1
7521	0
7522	2
7523	2
7524	1
7525	2
7526	2
7527	0
7528	2
7529	1
7530	0
7531	3
7532	1
7533	3
7534	2
7535	4
7536	1
7537	0
7538	3
7539	2
7540	2
7541	2
7542	1
7543	0
7544	1
7545	7
7546	2
7547	3
7548	0
7549	0
7550	1
7551	1
7552	1
7553	6
7554	0
7555	2
7556	2
7557	2
7558	3
7559	3
7560	1
7561	3
7562	1
7563	4
7564	1
7565	3
7566	1
7567	0
7568	0
7569	1
7570	1
7571	1
7572	0
7573	3
7574	1
7575	2
7576	0
7577	1
7578	0
7579	1
7580	1
7581	2
7582	1
7583	2
7584	2
7585	3
7586	3
7587	1
7588	0
7589	1
7590	1
7591	3
7592	1
7593	0
7594	0
7595	2
7596	1
7597	1
7598	0
7599	0
7600	1
7601	1
7602	1
7603	1
7604	2
7605	0
7606	1
7607	2
7608	1
7609	1
7610	1
7611	1
7612	2
7613	0
7614	2
7615	0
7616	3
7617	3
7618	0
7619	2
7620	5
7621	0
7622	0
7623	0
7624	0
7625	1
7626	1
7627	3
7628	0
7629	1
7630	1
7631	1
7632	0
7633	1
7634	1
7635	1
7636	0
7637	0
7638	3
7639	4
7640	1
7641	1
7642	0
7643	2
7644	0
7645	1
7646	1
7647	1
7648	0
7649	1
7650	2
7651	0
7652	1
7653	3
7654	1
7655	1
7656	1
7657	0
7658	0
7659	0
7660	2
7661	2
7662	1
7663	0
7664	2
7665	0
7666	2
7667	1
7668	2
7669	0
7670	1
7671	0
7672	2
7673	4
7674	0
7675	2
7676	0
7677	0
7678	0
7679	3
7680	1
7681	0
7682	0
7683	0
7684	1
7685	0
7686	1
7687	1
7688	2
7689	0
7690	0
7691	4
7692	2
7693	0
7694	0
7695	2
7696	0
7697	0
7698	1
7699	0
7700	2
7701	5
7702	2
7703	2
7704	0
7705	3
7706	1
7707	1
7708	1
7709	0
7710	1
7711	1
7712	1
7713	2
7714	1
7715	0
7716	3
7717	2
7718	0
7719	0
7720	2
7721	0
7722	0
7723	1
7724	1
7725	1
7726	2
7727	2
7728	1
7729	5
7730	0
7731	0
7732	1
7733	0
7734	3
7735	1
7736	2
7737	1
7738	0
7739	2
7740	4
7741	1
7742	4
7743	2
7744	2
7745	2
7746	0
7747	1
7748	0
7749	2
7750	0
7751	0
7752	1
7753	1
7754	2
7755	0
7756	0
7757	1
7758	0
7759	0
7760	1
7761	0
7762	0
7763	2
7764	1
7765	1
7766	1
7767	1
7768	0
7769	1
7770	2
7771	0
7772	2
7773	1
7774	1
7775	3
7776	0
7777	1
7778	4
7779	1
7780	1
7781	0
7782	1
7783	1
7784	3
7785	1
7786	2
7787	1
7788	2
7789	0
7790	0
7791	2
7792	0
7793	1
7794	1
7795	0
7796	1
7797	0
7798	3
7799	2
7800	1
7801	0
7802	0
7803	1
7804	1
7805	1
7806	2
7807	1
7808	2
7809	2
7810	2
7811	0
7812	4
7813	1
7814	0
7815	0
7816	1
7817	1
7818	0
7819	3
7820	0
7821	1
7822	4
7823	2
7824	2
7825	2
7826	3
7827	0
7828	2
7829	0
7830	1
7831	0
7832	0
7833	0
7834	2
7835	1
7836	1
7837	1
7838	1
7839	0
7840	0
7841	0
7842	0
7843	2
7844	0
7845	1
7846	1
7847	0
7848	0
7849	0
7850	2
7851	2
7852	0
7853	1
7854	1
7855	0
7856	2
7857	0
7858	0
7859	0
7860	0
7861	0
7862	1
7863	0
7864	0
7865	2
7866	2
7867	0
7868	0
7869	1
7870	1
7871	1
7872	2
7873	2
7874	1
7875	1
7876	0
7877	0
7878	1
7879	0
7880	0
7881	0
7882	0
7883	1
7884	2
7885	2
7886	1
7887	1
7888	2
7889	0
7890	3
7891	1
7892	1
7893	1
7894	0
7895	1
7896	0
7897	1
7898	0
7899	2
7900	0
7901	0
7902	1
7903	1
7904	0
7905	4
7906	1
7907	0
7908	0
7909	0
7910	1
7911	1
7912	2
7913	0
7914	1
7915	0
7916	3
7917	0
7918	0
7919	0
7920	2
7921	0
7922	2
7923	2
7924	1
7925	2
7926	0
7927	2
7928	1
7929	0
7930	1
7931	0
7932	1
7933	2
7934	2
7935	0
7936	0
7937	0
7938	0
7939	0
7940	0
7941	1
7942	2
7943	0
7944	1
7945	1
7946	0
7947	1
7948	1
7949	0
7950	0
7951	3
7952	0
7953	1
7954	2
7955	2
7956	1
7957	0
7958	1
7959	2
7960	0
7961	0
7962	1
7963	0
7964	0
7965	0
7966	1
7967	1
7968	2
7969	0
7970	1
7971	0
7972	1
7973	1
7974	1
7975	3
7976	1
7977	2
7978	1
7979	0
7980	0
7981	1
7982	1
7983	0
7984	1
7985	1
7986	2
7987	1
7988	0
7989	2
7990	0
7991	1
7992	0
7993	0
7994	2
7995	0
7996	1
7997	0
7998	0
7999	1
8000	0
8001	2
8002	1
8003	3
8004	0
8005	1
8006	0
8007	1
8008	2
8009	1
8010	1
8011	0
8012	1
8013	1
8014	0
8015	1
8016	0
8017	0
8018	2
8019	2
8020	0
8021	1
8022	0
8023	1
8024	1
8025	2
8026	3
8027	0
8028	0
8029	1
8030	1
8031	0
8032	1
8033	0
8034	0
8035	1
8036	0
8037	1
8038	4
8039	0
8040	1
8041	0
8042	1
8043	0
8044	1
8045	1
8046	0
8047	0
8048	1
8049	0
8050	0
8051	1
8052	1
8053	1
8054	0
8055	0
8056	1
8057	2
8058	1
8059	0
8060	0
8061	0
8062	1
8063	1
8064	0
8065	2
8066	0
8067	0
8068	0
8069	1
8070	0
8071	4
8072	1
8073	0
8074	0
8075	1
8076	5
8077	1
8078	2
8079	0
8080	1
8081	1
8082	0
8083	1
8084	0
8085	1
8086	0
8087	1
8088	0
8089	1
8090	0
8091	1
8092	0
8093	3
8094	1
8095	0
8096	0
8097	0
8098	0
8099	0
8100	1
8101	2
8102	0
8103	0
8104	2
8105	0
8106	0
8107	1
8108	0
8109	0
8110	1
8111	1
8112	1
8113	0
8114	0
8115	2
8116	1
8117	2
8118	0
8119	0
8120	0
8121	2
8122	0
8123	1
8124	0
8125	1
8126	1
8127	0
8128	1
8129	0
8130	1
8131	0
8132	0
8133	1
8134	0
8135	1
8136	1
8137	0
8138	0
8139	0
8140	0
8141	0
8142	0
8143	3
8144	0
8145	0
8146	1
8147	0
8148	0
8149	0
8150	1
8151	0
8152	0
8153	2
8154	2
8155	0
8156	0
8157	0
8158	0
8159	0
8160	1
8161	1
8162	1
8163	1
8164	2
8165	1
8166	1
8167	1
8168	0
8169	0
8170	0
8171	1
8172	0
8173	0
8174	2
8175	0
8176	0
8177	0
8178	0
8179	0
8180	2
8181	2
8182	1
8183	0
8184	1
8185	1
8186	0
8187	2
8188	0
8189	0
8190	0
8191	0
8192	1
8193	0
8194	2
8195	0
8196	1
8197	2
8198	1
8199	0
8200	1
8201	1
8202	3
8203	0
8204	3
8205	1
8206	2
8207	0
8208	1
8209	1
8210	0
8211	0
8212	0
8213	1
8214	1
8215	0
8216	1
8217	0
8218	1
8219	0
8220	2
8221	0
8222	1
8223	2
8224	1
8225	0
8226	0
8227	1
8228	0
8229	0
8230	0
8231	1
8232	0
8233	0
8234	1
8235	0
8236	0
8237	0
8238	1
8239	0
8240	0
8241	0
8242	0
8243	0
8244	0
8245	0
8246	0
8247	0
8248	0
8249	0
8250	0
8251	0
8252	1
8253	1
8254	0
8255	1
8256	0
8257	1
8258	0
8259	0
8260	1
8261	1
8262	0
8263	2
8264	1
8265	0
8266	0
8267	1
8268	0
8269	0
8270	0
8271	0
8272	2
8273	0
8274	0
8275	0
8276	0
8277	1
8278	1
8279	2
8280	0
8281	0
8282	1
8283	0
8284	0
8285	0
8286	0
8287	0
8288	1
8289	0
8290	0
8291	0
8292	0
8293	1
8294	0
8295	0
8296	0
8297	1
8298	1
8299	1
8300	1
8301	1
8302	0
8303	0
8304	0
8305	0
8306	0
8307	1
8308	0
8309	1
8310	1
8311	1
8312	1
8313	1
8314	0
8315	0
8316	0
8317	0
8318	2
8319	2
8320	0
8321	0
8322	1
8323	0
8324	0
8325	0
8326	0
8327	2
8328	1
8329	1
8330	0
8331	0
8332	0
8333	1
8334	0
8335	0
8336	1
8337	2
8338	0
8339	1
8340	0
8341	2
8342	0
8343	1
8344	0
8345	1
8346	2
8347	0
8348	1
8349	0
8350	0
8351	0
8352	0
8353	0
8354	1
8355	0
8356	3
8357	1
8358	0
8359	0
8360	1
8361	1
8362	0
8363	0
8364	0
8365	1
8366	0
8367	1
8368	0
8369	1
8370	0
8371	0
8372	0
8373	1
8374	0
8375	1
8376	0
8377	1
8378	0
8379	1
8380	2
8381	1
8382	1
8383	1
8384	0
8385	0
8386	0
8387	1
8388	0
8389	1
8390	1
8391	0
8392	0
8393	0
8394	1
8395	1
8396	0
8397	0
8398	0
8399	0
8400	0
8401	0
8402	0
8403	1
8404	0
8405	1
8406	0
8407	1
8408	0
8409	0
8410	1
8411	0
8412	0
8413	0
8414	2
8415	0
8416	0
8417	0
8418	0
8419	0
8420	1
8421	1
8422	0
8423	2
8424	1
8425	1
8426	1
8427	2
8428	0
8429	0
8430	1
8431	0
8432	0
8433	0
8434	0
8435	1
8436	0
8437	1
8438	0
8439	0
8440	0
8441	0
8442	1
8443	0
8444	1
8445	1
8446	0
8447	0
8448	1
8449	0
8450	0
8451	1
8452	0
8453	0
8454	0
8455	0
8456	1
8457	0
8458	0
8459	0
8460	0
8461	1
8462	0
8463	1
8464	0
8465	0
8466	0
8467	1
8468	1
8469	0
8470	0
8471	0
8472	0
8473	0
8474	0
8475	0
8476	2
8477	1
8478	0
8479	0
8480	0
8481	0
8482	0
8483	0
8484	0
8485	1
8486	0
8487	0
8488	0
8489	0
8490	0
8491	1
8492	1
8493	1
8494	1
8495	0
8496	1
8497	0
8498	1
8499	0
8500	1
8501	2
8502	0
8503	1
8504	0
8505	1
8506	0
8507	0
8508	0
8509	1
8510	0
8511	0
8512	0
8513	0
8514	0
8515	0
8516	1
8517	0
8518	0
8519	1
8520	1
8521	0
8522	1
8523	0
8524	0
8525	0
8526	0
8527	1
8528	0
8529	0
8530	0
8531	0
8532	0
8533	1
8534	1
8535	0
8536	0
8537	0
8538	0
8539	1
8540	0
8541	1
8542	0
8543	1
8544	0
8545	0
8546	0
8547	1
8548	0
8549	0
8550	0
8551	0
8552	0
8553	0
8554	1
8555	1
8556	0
8557	1
8558	0
8559	0
8560	0
8561	0
8562	0
8563	0
8564	0
8565	0
8566	0
8567	0
8568	1
8569	0
8570	0
8571	0
8572	0
8573	0
8574	0
8575	1
8576	0
8577	0
8578	0
8579	0
8580	0
8581	0
8582	0
8583	0
8584	1
8585	0
8586	2
8587	0
8588	0
8589	1
8590	0
8591	0
8592	1
8593	0
8594	1
8595	3
8596	1
8597	0
8598	0
8599	1
8600	0
8601	1
8602	0
8603	0
8604	0
8605	0
8606	0
8607	0
8608	0
8609	1
8610	0
8611	1
8612	0
8613	0
8614	0
8615	0
8616	0
8617	0
8618	2
8619	1
8620	0
8621	0
8622	0
8623	0
8624	0
8625	1
8626	0
8627	0
8628	0
8629	1
8630	0
8631	1
8632	0
8633	0
8634	1
8635	0
8636	0
8637	0
8638	0
8639	1
8640	0
8641	0
8642	0
8643	0
8644	1
8645	0
8646	0
8647	0
8648	1
8649	0
8650	1
8651	1
8652	1
8653	2
8654	0
8655	0
8656	0
8657	2
8658	0
8659	0
8660	1
8661	0
8662	0
8663	1
8664	0
8665	0
8666	0
8667	1
8668	0
8669	0
8670	0
8671	0
8672	0
8673	1
8674	0
8675	0
8676	0
8677	0
8678	0
8679	0
8680	0
8681	0
8682	1
8683	1
8684	0
8685	0
8686	1
8687	0
8688	0
8689	1
8690	0
8691	0
8692	1
8693	0
8694	1
8695	0
8696	0
8697	0
8698	0
8699	0
8700	0
8701	0
8702	0
8703	0
8704	0
8705	0
8706	0
8707	0
8708	0
8709	0
8710	0
8711	0
8712	0
8713	1
8714	0
8715	0
8716	1
8717	0
8718	0
8719	0
8720	0
8721	0
8722	1
8723	0
8724	0
8725	0
8726	0
8727	0
8728	1
8729	0
8730	1
8731	1
8732	0
8733	0
8734	0
8735	0
8736	0
8737	1
8738	0
8739	0
8740	0
8741	1
8742	1
8743	0
8744	0
8745	3
8746	0
8747	0
8748	1
8749	0
8750	1
8751	0
8752	1
8753	0
8754	1
8755	0
8756	1
8757	0
8758	0
8759	0
8760	0
8761	0
8762	0
8763	0
8764	0
8765	0
8766	0
8767	0
8768	1
8769	0
8770	0
8771	0
8772	0
8773	0
8774	1
8775	0
8776	0
8777	0
8778	1
8779	0
8780	0
8781	0
8782	0
8783	0
8784	0
8785	0
8786	0
8787	0
8788	1
8789	0
8790	0
8791	0
8792	0
8793	0
8794	0
8795	0
8796	0
8797	1
8798	0
8799	0
8800	1
8801	0
8802	0
8803	0
8804	0
8805	0
8806	0
8807	0
8808	0
8809	0
8810	0
8811	0
8812	0
8813	0
8814	0
8815	0
8816	0
8817	0
8818	0
8819	0
8820	3
8821	0
8822	0
8823	0
8824	0
8825	1
8826	1
8827	0
8828	0
8829	0
8830	0
8831	0
8832	1
8833	0
8834	0
8835	0
8836	0
8837	0
8838	0
8839	0
8840	0
8841	0
8842	0
8843	0
8844	0
8845	1
8846	0
8847	0
8848	1
8849	0
8850	0
8851	1
8852	0
8853	0
8854	0
8855	0
8856	0
8857	0
8858	0
8859	0
8860	0
8861	0
8862	0
8863	0
8864	0
8865	0
8866	1
8867	2
8868	0
8869	0
8870	1
8871	0
8872	0
8873	1
8874	0
8875	0
8876	0
8877	0
8878	0
8879	0
8880	0
8881	0
8882	0
8883	1
8884	0
8885	0
8886	0
8887	0
8888	1
8889	1
8890	0
8891	0
8892	0
8893	0
8894	0
8895	0
8896	1
8897	0
8898	0
8899	0
8900	1
8901	1
8902	0
8903	1
8904	0
8905	1
8906	0
8907	0
8908	0
8909	0
8910	0
8911	0
8912	0
8913	0
8914	0
8915	2
8916	0
8917	1
8918	1
8919	0
8920	0
8921	0
8922	0
8923	1
8924	0
8925	0
8926	0
8927	0
8928	0
8929	0
8930	1
8931	0
8932	0
8933	0
8934	1
8935	0
8936	0
8937	1
8938	1
8939	0
8940	0
8941	0
8942	0
8943	0
8944	0
8945	1
8946	0
8947	0
8948	1
8949	0
8950	0
8951	0
8952	0
8953	1
8954	0
8955	1
8956	1
8957	0
8958	1
8959	1
8960	0
8961	0
8962	0
8963	1
8964	0
8965	0
8966	0
8967	0
8968	1
8969	0
8970	0
8971	0
8972	0
8973	0
8974	0
8975	0
8976	0
8977	0
8978	0
8979	0
8980	0
8981	0
8982	0
8983	0
8984	0
8985	0
8986	0
8987	0
8988	1
8989	0
8990	0
8991	0
8992	0
8993	1
8994	0
8995	0
8996	0
8997	0
8998	0
8999	0
9000	0
9001	1
9002	0
9003	0
9004	1
9005	0
9006	0
9007	0
9008	0
9009	0
9010	0
9011	0
9012	0
9013	0
9014	0
9015	0
9016	1
9017	0
9018	1
9019	1
9020	0
9021	0
9022	0
9023	0
9024	2
9025	0
9026	1
9027	0
9028	0
9029	0
9030	0
9031	0
9032	0
9033	0
9034	0
9035	0
9036	0
9037	1
9038	0
9039	1
9040	0
9041	0
9042	0
9043	0
9044	0
9045	0
9046	0
9047	0
9048	1
9049	0
9050	0
9051	0
9052	0
9053	1
9054	0
9055	2
9056	0
9057	0
9058	0
9059	0
9060	0
9061	0
9062	0
9063	0
9064	0
9065	0
9066	0
9067	0
9068	0
9069	0
9070	1
9071	0
9072	0
9073	1
9074	3
9075	0
9076	0
9077	0
9078	0
9079	0
9080	0
9081	0
9082	0
9083	0
9084	0
9085	0
9086	0
9087	0
9088	0
9089	0
9090	0
9091	1
9092	0
9093	0
9094	0
9095	0
9096	0
9097	0
9098	0
9099	0
9100	0
9101	1
9102	0
9103	0
9104	0
9105	0
9106	0
9107	0
9108	0
9109	0
9110	1
9111	0
9112	0
9113	0
9114	0
9115	0
9116	0
9117	0
9118	0
9119	0
9120	0
9121	0
9122	0
9123	0
9124	0
9125	0
9126	0
9127	0
9128	1
9129	0
9130	0
9131	0
9132	0
9133	0
9134	0
9135	0
9136	0
9137	0
9138	0
9139	0
9140	0
9141	0
9142	0
9143	0
9144	0
9145	0
9146	0
9147	1
9148	0
9149	0
9150	1
9151	1
9152	1
9153	0
9154	1
9155	0
9156	0
9157	0
9158	0
9159	0
9160	0
9161	0
9162	0
9163	0
9164	0
9165	0
9166	0
9167	1
9168	0
9169	0
9170	0
9171	0
9172	0
9173	0
9174	0
9175	0
9176	0
9177	0
9178	0
9179	0
9180	0
9181	0
9182	0
9183	0
9184	0
9185	0
9186	1
9187	0
9188	0
9189	0
9190	0
9191	0
9192	0
9193	0
9194	0
9195	0
9196	0
9197	0
9198	0
9199	0
9200	1
9201	0
9202	0
9203	0
9204	0
9205	0
9206	0
9207	1
9208	1
9209	0
9210	0
9211	0
9212	0
9213	0
9214	0
9215	0
9216	0
9217	0
9218	0
9219	0
9220	0
9221	0
9222	1
9223	0
9224	0
9225	0
9226	1
9227	0
9228	0
9229	0
9230	0
9231	0
9232	0
9233	0
9234	0
9235	1
9236	0
9237	1
9238	0
9239	0
9240	0
9241	1
9242	0
9243	0
9244	0
9245	0
9246	0
9247	0
9248	0
9249	0
9250	0
9251	0
9252	0
9253	1
9254	0
9255	0
9256	0
9257	1
9258	0
9259	1
9260	0
9261	0
9262	0
9263	0
9264	0
9265	0
9266	0
9267	0
9268	0
9269	0
9270	0
9271	1
9272	0
9273	1
9274	0
9275	0
9276	1
9277	0
9278	0
9279	0
9280	0
9281	0
9282	0
9283	1
9284	0
9285	0
9286	0
9287	0
9288	0
9289	0
9290	0
9291	0
9292	0
9293	0
9294	0
9295	1
9296	0
9297	0
9298	0
9299	1
9300	1
9301	0
9302	0
9303	1
9304	0
9305	0
9306	0
9307	0
9308	0
9309	0
9310	0
9311	1
9312	0
9313	1
9314	0
9315	0
9316	0
9317	0
9318	0
9319	0
9320	0
9321	0
9322	0
9323	0
9324	0
9325	0
9326	0
9327	1
9328	0
9329	0
9330	0
9331	0
9332	0
9333	0
9334	1
9335	0
9336	1
9337	1
9338	0
9339	0
9340	0
9341	0
9342	0
9343	0
9344	0
9345	0
9346	0
9347	0
9348	0
9349	0
9350	0
9351	0
9352	0
9353	0
9354	0
9355	0
9356	0
9357	0
9358	0
9359	0
9360	0
9361	0
9362	0
9363	0
9364	0
9365	0
9366	0
9367	0
9368	0
9369	0
9370	0
9371	0
9372	1
9373	0
9374	0
9375	0
9376	0
9377	0
9378	0
9379	0
9380	0
9381	1
9382	0
9383	0
9384	0
9385	0
9386	0
9387	0
9388	0
9389	0
9390	1
9391	0
9392	0
9393	0
9394	0
9395	0
9396	0
9397	0
9398	0
9399	0
9400	0
9401	0
9402	0
9403	0
9404	1
9405	0
9406	0
9407	0
9408	0
9409	0
9410	0
9411	1
9412	0
9413	0
9414	1
9415	0
9416	0
9417	0
9418	0
9419	0
9420	0
9421	0
9422	1
9423	0
9424	0
9425	0
9426	0
9427	0
9428	0
9429	0
9430	0
9431	0
9432	0
9433	1
9434	0
9435	0
9436	0
9437	0
9438	0
9439	0
9440	0
9441	0
9442	0
9443	0
9444	0
9445	0
9446	0
9447	0
9448	0
9449	0
9450	1
9451	0
9452	0
9453	0
9454	0
9455	0
9456	0
9457	0
9458	0
9459	0
9460	0
9461	0
9462	0
9463	0
9464	0
9465	0
9466	1
9467	0
9468	0
9469	0
9470	0
9471	0
9472	0
9473	0
9474	0
9475	0
9476	0
9477	0
9478	0
9479	0
9480	0
9481	1
9482	0
9483	0
9484	0
9485	0
9486	0
9487	0
9488	0
9489	0
9490	0
9491	0
9492	0
9493	0
9494	0
9495	0
9496	0
9497	1
9498	0
9499	0
9500	1
9501	1
9502	0
9503	0
9504	0
9505	0
9506	0
9507	0
9508	0
9509	0
9510	0
9511	0
9512	0
9513	0
9514	0
9515	1
9516	0
9517	0
9518	1
9519	0
9520	0
9521	0
9522	0
9523	0
9524	0
9525	0
9526	0
9527	0
9528	0
9529	0
9530	0
9531	0
9532	0
9533	0
9534	0
9535	0
9536	0
9537	0
9538	1
9539	0
9540	0
9541	0
9542	0
9543	0
9544	0
9545	0
9546	0
9547	0
9548	0
9549	0
9550	0
9551	0
9552	0
9553	0
9554	0
9555	0
9556	0
9557	0
9558	0
9559	0
9560	0
9561	0
9562	0
9563	0
9564	0
9565	0
9566	0
9567	0
9568	0
9569	0
9570	0
9571	0
9572	0
9573	0
9574	0
9575	0
9576	0
9577	0
9578	0
9579	0
9580	0
9581	0
9582	1
9583	0
9584	0
9585	0
9586	0
9587	0
9588	0
9589	0
9590	0
9591	0
9592	0
9593	0
9594	0
9595	0
9596	0
9597	0
9598	0
9599	0
9600	0
9601	0
9602	0
9603	0
9604	0
9605	0
9606	0
9607	0
9608	0
9609	1
9610	0
9611	0
9612	0
9613	0
9614	0
9615	0
9616	0
9617	1
9618	0
9619	0
9620	0
9621	0
9622	0
9623	0
9624	0
9625	0
9626	0
9627	1
9628	0
9629	0
9630	0
9631	0
9632	0
9633	0
9634	0
9635	0
9636	0
9637	0
9638	0
9639	0
9640	0
9641	0
9642	0
9643	0
9644	0
9645	0
9646	1
9647	0
9648	1
9649	0
9650	0
9651	0
9652	0
9653	0
9654	0
9655	0
9656	0
9657	0
9658	0
9659	1
9660	0
9661	0
9662	0
9663	0
9664	0
9665	0
9666	0
9667	0
9668	0
9669	0
9670	0
9671	0
9672	0
9673	0
9674	0
9675	0
9676	0
9677	0
9678	0
9679	0
9680	0
9681	0
9682	0
9683	0
9684	0
9685	0
9686	0
9687	0
9688	0
9689	1
9690	0
9691	0
9692	0
9693	0
9694	0
9695	0
9696	0
9697	0
9698	0
9699	0
9700	0
9701	0
9702	0
9703	0
9704	0
9705	0
9706	0
9707	0
9708	0
9709	0
9710	0
9711	0
9712	0
9713	0
9714	0
9715	0
9716	0
9717	0
9718	0
9719	0
9720	1
9721	1
9722	0
9723	0
9724	0
9725	0
9726	0
9727	0
9728	0
9729	0
9730	0
9731	1
9732	0
9733	0
9734	0
9735	0
9736	0
9737	0
9738	0
9739	0
9740	0
9741	0
9742	0
9743	0
9744	0
9745	0
9746	0
9747	0
9748	0
9749	0
9750	0
9751	0
9752	1
9753	0
9754	0
9755	0
9756	0
9757	0
9758	0
9759	1
9760	0
9761	0
9762	0
9763	0
9764	0
9765	0
9766	0
9767	0
9768	0
9769	0
9770	0
9771	0
9772	0
9773	0
9774	0
9775	0
9776	0
9777	0
9778	0
9779	0
9780	0
9781	0
9782	0
9783	0
9784	0
9785	0
9786	0
9787	0
9788	0
9789	0
9790	0
9791	0
9792	0
9793	0
9794	0
9795	0
9796	0
9797	0
9798	0
9799	0
9800	0
9801	0
9802	1
9803	0
9804	0
9805	0
9806	0
9807	0
9808	0
9809	0
9810	0
9811	0
9812	0
9813	0
9814	0
9815	0
9816	0
9817	0
9818	0
9819	0
9820	0
9821	0
9822	0
9823	0
9824	0
9825	0
9826	0
9827	0
9828	0
9829	0
9830	0
9831	0
9832	0
9833	0
9834	0
9835	0
9836	0
9837	0
9838	0
9839	0
9840	0
9841	0
9842	0
9843	0
9844	1
9845	0
9846	0
9847	0
9848	0
9849	0
9850	0
9851	0
9852	0
9853	0
9854	0
9855	0
9856	0
9857	0
9858	0
9859	0
9860	0
9861	0
9862	0
9863	0
9864	0
9865	0
9866	0
9867	1
9868	0
9869	0
9870	0
9871	0
9872	0
9873	1
9874	0
9875	0
9876	0
9877	0
9878	0
9879	0
9880	0
9881	0
9882	0
9883	0
9884	0
9885	0
9886	0
9887	0
9888	0
9889	0
9890	0
9891	0
9892	0
9893	0
9894	0
9895	0
9896	0
9897	0
9898	0
9899	0
9900	0
9901	0
9902	0
9903	0
9904	0
9905	0
9906	0
9907	0
9908	0
9909	0
9910	0
9911	0
9912	0
9913	0
9914	0
9915	0
9916	0
9917	0
9918	0
9919	0
9920	0
9921	0
9922	0
9923	0
9924	0
9925	0
9926	0
9927	0
9928	0
9929	0
9930	1
9931	0
9932	0
9933	0
9934	0
9935	0
9936	0
9937	0
9938	0
9939	0
9940	1
9941	0
9942	0
9943	0
9944	0
9945	0
9946	0
9947	0
9948	0
9949	0
9950	0
9951	1
9952	0
9953	0
9954	0
9955	0
9956	0
9957	0
9958	0
9959	0
9960	0
9961	1
9962	1
9963	0
9964	0
9965	0
9966	1
9967	0
9968	0
9969	0
9970	0
9971	0
9972	0
9973	0
9974	0
9975	0
9976	0
9977	0
9978	0
9979	0
9980	0
9981	0
9982	0
9983	0
9984	1
9985	0
9986	0
9987	0
9988	0
9989	0
9990	0
9991	0
9992	0
9993	1
9994	0
9995	0
9996	0
9997	0
9998	0
9999	0
10000	0
10001	0
10002	0
10003	0
10004	1
10005	0
10006	0
10007	0
10008	0
10009	0
10010	0
10011	0
10012	0
10013	0
10014	1
10015	0
10016	0
10017	0
10018	0
10019	0
10020	0
10021	0
10022	0
10023	0
10024	0
10025	0
10026	0
10027	0
10028	0
10029	0
10030	0
10031	0
10032	0
10033	0
10034	0
10035	0
10036	0
10037	0
10038	0
10039	0
10040	0
10041	0
10042	0
10043	0
10044	0
10045	0
10046	0
10047	0
10048	0
10049	0
10050	0
10051	0
10052	0
10053	0
10054	0
10055	0
10056	0
10057	0
10058	0
10059	0
10060	0
10061	0
10062	0
10063	0
10064	0
10065	0
10066	0
10067	0
10068	0
10069	0
10070	0
10071	0
10072	0
10073	0
10074	0
10075	0
10076	0
10077	0
10078	0
10079	0
10080	0
10081	0
10082	0
10083	0
10084	0
10085	0
10086	0
10087	0
10088	0
10089	0
10090	0
10091	0
10092	0
10093	0
10094	0
10095	0
10096	0
10097	0
10098	0
10099	0
10100	0
10101	0
10102	0
10103	0
10104	0
10105	0
10106	0
10107	0
10108	0
10109	0
10110	0
10111	0
10112	0
10113	0
10114	0
10115	0
10116	0
10117	0
10118	0
10119	0
10120	0
10121	0
10122	0
10123	0
10124	0
10125	0
10126	0
10127	0
10128	0
10129	0
10130	0
10131	0
10132	0
10133	0
10134	0
10135	0
10136	0
10137	0
10138	0
10139	0
10140	0
10141	0
10142	0
10143	1
10144	0
10145	0
10146	0
10147	0
10148	0
10149	0
10150	0
10151	0
10152	0
10153	0
10154	0
10155	0
10156	0
10157	0
10158	0
10159	0
10160	0
10161	0
10162	0
10163	0
10164	0
10165	0
10166	0
10167	0
10168	0
10169	0
10170	0
10171	0
10172	0
10173	0
10174	0
10175	0
10176	0
10177	0
10178	0
10179	0
10180	0
10181	0
10182	0
10183	0
10184	0
10185	0
10186	0
10187	0
10188	0
10189	0
10190	0
10191	0
10192	0
10193	0
10194	0
10195	0
10196	0
10197	0
10198	0
10199	0
10200	0
10201	0
10202	0
10203	0
10204	0
10205	0
10206	0
10207	0
10208	0
10209	0
10210	0
10211	0
10212	0
10213	0
10214	0
10215	0
10216	0
10217	0
10218	0
10219	0
10220	0
10221	0
10222	0
10223	0
10224	0
10225	0
10226	0
10227	0
10228	0
10229	0
10230	0
10231	0
10232	0
10233	0
10234	0
10235	0
10236	0
10237	0
10238	0
10239	0
10240	0
10241	0
10242	0
10243	0
10244	0
10245	0
10246	0
10247	0
10248	0
10249	0
10250	0
10251	0
10252	0
10253	0
10254	0
10255	0
10256	0
10257	0
10258	0
10259	0
10260	0
10261	0
10262	0
10263	0
10264	0
10265	0
10266	0
10267	0
10268	0
10269	0
10270	0
10271	0
10272	0
10273	0
10274	0
10275	0
10276	0
10277	0
10278	0
10279	0
10280	0
10281	0
10282	0
10283	0
10284	0
10285	0
10286	0
10287	0
10288	0
10289	0
10290	0
10291	0
10292	0
10293	0
10294	0
10295	0
10296	0
10297	0
10298	1
10299	0
10300	0
10301	0
10302	0
10303	0
10304	0
10305	0
10306	0
10307	1
10308	0
10309	0
10310	0
10311	0
10312	0
10313	0
10314	0
10315	0
10316	0
10317	0
10318	0
10319	0
10320	0
10321	0
10322	0
10323	0
10324	0
10325	0
10326	0
10327	0
10328	0
10329	0
10330	0
10331	0
10332	0
10333	0
10334	0
10335	0
10336	0
10337	0
10338	0
10339	0
10340	0
10341	0
10342	0
10343	0
10344	0
10345	0
10346	0
10347	0
10348	0
10349	0
10350	0
10351	0
10352	0
10353	0
10354	0
10355	0
10356	0
10357	0
10358	0
10359	0
10360	0
10361	0
10362	0
10363	0
10364	0
10365	0
10366	0
10367	0
10368	0
10369	0
10370	0
10371	0
10372	0
10373	0
10374	0
10375	0
10376	0
10377	0
10378	0
10379	0
10380	0
10381	0
10382	0
10383	0
10384	0
10385	0
10386	0
10387	1
10388	0
10389	0
10390	0
10391	0
10392	0
10393	0
10394	0
10395	0
10396	0
10397	0
10398	0
10399	1
10400	0
10401	0
10402	0
10403	0
10404	0
10405	0
10406	0
10407	0
10408	0
10409	0
10410	0
10411	0
10412	0
10413	0
10414	1
10415	0
10416	0
10417	0
10418	0
10419	0
10420	0
10421	0
10422	0
10423	0
10424	0
10425	0
10426	0
10427	0
10428	0
10429	0
10430	0
10431	0
10432	0
10433	0
10434	0
10435	0
10436	0
10437	0
10438	0
10439	0
10440	0
10441	0
10442	0
10443	0
10444	0
10445	0
10446	0
10447	0
10448	0
10449	0
10450	0
10451	0
10452	0
10453	0
10454	0
10455	0
10456	0
10457	0
10458	0
10459	0
10460	0
10461	0
10462	0
10463	0
10464	0
10465	0
10466	0
10467	0
10468	0
10469	0
10470	0
10471	0
10472	0
10473	0
10474	0
10475	0
10476	0
10477	0
10478	0
10479	0
10480	0
10481	0
10482	0
10483	0
10484	0
10485	0
10486	0
10487	0
10488	0
10489	0
10490	0
10491	0
10492	0
10493	0
10494	0
10495	0
10496	0
10497	0
10498	0
10499	0
10500	0
10501	0
10502	0
10503	0
10504	0
10505	0
10506	0
10507	0
10508	0
10509	0
10510	0
10511	0
10512	0
10513	0
10514	0
10515	0
10516	0
10517	0
10518	0
10519	0
10520	0
10521	0
10522	0
10523	0
10524	0
10525	0
10526	0
10527	0
10528	0
10529	0
10530	0
10531	0
10532	0
10533	0
10534	0
10535	0
10536	0
10537	0
10538	0
10539	0
10540	0
10541	0
10542	0
10543	0
10544	0
10545	0
10546	0
10547	0
10548	1
10549	0
10550	0
10551	0
10552	0
10553	0
10554	0
10555	0
10556	0
10557	0
10558	0
10559	0
10560	0
10561	0
10562	0
10563	1
10564	0
10565	0
10566	0
10567	0
10568	0
10569	0
10570	0
10571	0
10572	0
10573	0
10574	0
10575	0
10576	0
10577	0
10578	0
10579	0
10580	0
10581	0
10582	0
10583	0
10584	0
10585	0
10586	0
10587	0
10588	0
10589	0
10590	0
10591	0
10592	0
10593	0
10594	0
10595	0
10596	0
10597	0
10598	0
10599	0
10600	0
10601	0
10602	0
10603	0
10604	0
10605	0
10606	0
10607	0
10608	1
10609	0
10610	0
10611	0
10612	0
10613	0
10614	0
10615	0
10616	0
10617	0
10618	0
10619	0
10620	0
10621	0
10622	0
10623	0
10624	0
10625	0
10626	0
10627	0
10628	0
10629	0
10630	0
10631	0
10632	0
10633	0
10634	0
10635	0
10636	0
10637	0
10638	0
10639	0
10640	0
10641	0
10642	0
10643	0
10644	0
10645	0
10646	0
10647	0
10648	0
10649	0
10650	0
10651	0
10652	0
10653	0
10654	0
10655	0
10656	0
10657	0
10658	0
10659	0
10660	0
10661	0
10662	0
10663	0
10664	0
10665	0
10666	0
10667	0
10668	0
10669	0
10670	0
10671	0
10672	0
10673	0
10674	0
10675	0
10676	0
10677	0
10678	0
10679	0
10680	0
10681	0
10682	0
10683	0
10684	0
10685	0
10686	0
10687	0
10688	0
10689	0
10690	0
10691	0
10692	0
10693	0
10694	0
10695	0
10696	0
10697	0
10698	0
10699	1
10700	0
10701	0
10702	0
10703	0
10704	0
10705	0
10706	0
10707	0
10708	0
10709	0
10710	0
10711	0
10712	0
10713	0
10714	0
10715	0
10716	0
10717	0
10718	0
10719	0
10720	0
10721	0
10722	0
10723	0
10724	0
10725	0
10726	0
10727	0
10728	0
10729	0
10730	0
10731	0
10732	0
10733	0
10734	0
10735	0
10736	0
10737	0
10738	0
10739	0
10740	0
10741	1
10742	0
10743	0
10744	0
10745	0
10746	0
10747	0
10748	0
10749	0
10750	0
10751	0
10752	0
10753	0
10754	0
10755	0
10756	0
10757	0
10758	0
10759	0
10760	0
10761	0
10762	0
10763	0
10764	0
10765	0
10766	0
10767	0
10768	0
10769	0
10770	0
10771	0
10772	0
10773	0
10774	0
10775	0
10776	0
10777	0
10778	0
10779	0
10780	0
10781	0
10782	0
10783	0
10784	0
10785	0
10786	0
10787	0
10788	0
10789	0
10790	0
10791	0
10792	0
10793	0
10794	0
10795	0
10796	0
10797	0
10798	0
10799	0
10800	0
10801	0
10802	0
10803	0
10804	0
10805	0
10806	0
10807	0
10808	0
10809	0
10810	0
10811	0
10812	0
10813	0
10814	0
10815	0
10816	0
10817	0
10818	0
10819	0
10820	0
10821	0
10822	0
10823	0
10824	0
10825	0
10826	0
10827	0
10828	0
10829	0
10830	0
10831	0
10832	0
10833	0
10834	0
10835	0
10836	0
10837	0
10838	0
10839	0
10840	0
10841	0
10842	0
10843	0
10844	0
10845	0
10846	0
10847	0
10848	0
10849	0
10850	0
10851	0
10852	0
10853	0
10854	0
10855	0
10856	0
10857	0
10858	0
10859	0
10860	0
10861	0
10862	0
10863	1
10864	0
10865	0
10866	0
10867	0
10868	0
10869	0
10870	0
10871	0
10872	0
10873	0
10874	0
10875	0
10876	0
10877	0
10878	0
10879	0
10880	0
10881	0
10882	0
10883	0
10884	0
10885	0
10886	0
10887	0
10888	0
10889	0
10890	0
10891	0
10892	0
10893	0
10894	0
10895	0
10896	0
10897	0
10898	0
10899	0
10900	0
10901	0
10902	0
10903	0
10904	0
10905	0
10906	0
10907	0
10908	0
10909	0
10910	0
10911	0
10912	0
10913	0
10914	0
10915	0
10916	0
10917	0
10918	0
10919	0
10920	0
10921	0
10922	0
10923	0
10924	0
10925	0
10926	0
10927	0
10928	0
10929	0
10930	0
10931	0
10932	0
10933	0
10934	0
10935	0
10936	0
10937	0
10938	0
10939	0
10940	0
10941	0
10942	0
10943	0
10944	0
10945	0
10946	0
10947	0
10948	0
10949	0
10950	0
10951	0
10952	0
10953	0
10954	0
10955	0
10956	0
10957	0
10958	0
10959	0
10960	0
10961	0
10962	0
10963	0
10964	0
10965	0
10966	0
10967	0
10968	0
10969	0
10970	0
10971	0
10972	0
10973	0
10974	0
10975	0
10976	0
10977	0
10978	0
10979	0
10980	0
10981	0
10982	0
10983	0
10984	0
10985	0
10986	0
10987	0
10988	0
10989	0
10990	0
10991	0
10992	0
10993	0
10994	0
10995	0
10996	0
10997	0
10998	0
10999	0
11000	0
11001	0
11002	0
11003	0
11004	0
11005	0
11006	0
11007	0
11008	0
11009	0
11010	0
11011	0
11012	0
11013	0
11014	0
11015	0
11016	0
11017	0
11018	0
11019	0
11020	0
11021	0
11022	0
11023	0
11024	0
11025	0
11026	0
11027	0
11028	0
11029	0
11030	0
11031	0
11032	0
11033	0
11034	0
11035	0
11036	0
11037	0
11038	0
11039	0
11040	0
11041	0
11042	0
11043	0
11044	0
11045	0
11046	0
11047	0
11048	0
11049	0
11050	0
11051	0
11052	0
11053	0
11054	0
11055	0
11056	0
11057	0
11058	0
11059	0
11060	0
11061	0
11062	0
11063	0
11064	0
11065	0
11066	0
11067	0
11068	0
11069	0
11070	0
11071	0
11072	0
11073	0
11074	0
11075	0
11076	0
11077	0
11078	0
11079	0
11080	0
11081	0
11082	0
11083	0
11084	0
11085	0
11086	0
11087	0
11088	0
11089	0
11090	0
11091	0
11092	0
11093	0
11094	0
11095	0
11096	0
11097	0
11098	0
11099	0
11100	0
11101	0
11102	0
11103	0
11104	0
11105	0
11106	0
11107	0
11108	0
11109	0
11110	0
11111	0
11112	0
11113	0
11114	0
11115	0
11116	0
11117	0
11118	0
11119	0
11120	0
11121	0
11122	0
11123	0
11124	0
11125	0
11126	0
11127	0
11128	0
11129	0
11130	0
11131	0
11132	0
11133	0
11134	0
11135	0
11136	0
11137	0
11138	0
11139	0
11140	0
11141	0
11142	0
11143	0
11144	0
11145	0
11146	0
11147	0
11148	0
11149	0
11150	0
11151	0
11152	0
11153	0
11154	0
11155	0
11156	0
11157	0
11158	0
11159	0
11160	0
11161	0
11162	0
11163	0
11164	0
11165	0
11166	0
11167	0
11168	0
11169	0
11170	0
11171	0
11172	0
11173	0
11174	1
11175	0
11176	0
11177	0
11178	0
11179	0
11180	0
11181	0
11182	0
11183	0
11184	0
11185	0
11186	0
11187	0
11188	0
11189	0
11190	0
11191	0
11192	0
11193	0
11194	0
11195	0
11196	0
11197	0
11198	0
11199	0
11200	0
11201	0
11202	0
11203	0
11204	0
11205	0
11206	0
11207	0
11208	0
11209	0
11210	0
11211	0
11212	0
11213	0
11214	0
11215	0
11216	0
11217	0
11218	0
11219	0
11220	0
11221	1
11222	0
11223	0
11224	0
11225	0
11226	0
11227	0
11228	0
11229	0
11230	0
11231	0
11232	0
11233	0
11234	0
11235	0
11236	0
11237	0
11238	0
11239	0
11240	0
11241	0
11242	0
11243	0
11244	0
11245	0
11246	0
11247	0
11248	0
11249	0
11250	0
11251	0
11252	0
11253	0
11254	0
11255	0
11256	0
11257	0
11258	0
11259	0
11260	0
11261	0
11262	0
11263	0
11264	0
11265	0
11266	0
11267	0
11268	0
11269	0
11270	0
11271	0
11272	0
11273	0
11274	0
11275	0
11276	0
11277	0
11278	0
11279	0
11280	0
11281	0
11282	0
11283	0
11284	0
11285	0
11286	0
11287	0
11288	0
11289	0
11290	0
11291	0
11292	0
11293	0
11294	0
11295	0
11296	0
11297	0
11298	0
11299	0
11300	0
11301	0
11302	0
11303	0
11304	0
11305	0
11306	0
11307	0
11308	0
11309	0
11310	0
11311	0
11312	0
11313	0
11314	0
11315	0
11316	0
11317	0
11318	0
11319	0
11320	0
11321	0
11322	0
11323	0
11324	0
11325	0
11326	0
11327	0
11328	0
11329	0
11330	0
11331	0
11332	0
11333	0
11334	0
11335	0
11336	0
11337	0
11338	0
11339	0
11340	0
11341	0
11342	0
11343	0
11344	0
11345	1
11346	0
11347	0
11348	0
11349	0
11350	0
11351	0
11352	0
11353	0
11354	0
11355	0
11356	0
11357	0
11358	0
11359	0
11360	0
11361	0
11362	0
11363	0
11364	0
11365	0
11366	0
11367	0
11368	0
11369	0
11370	0
11371	0
11372	0
11373	0
11374	0
11375	0
11376	0
11377	0
11378	0
11379	0
11380	0
11381	0
11382	0
11383	0
11384	0
11385	0
11386	0
11387	0
11388	0
11389	0
11390	0
11391	0
11392	0
11393	0
11394	0
11395	0
11396	0
11397	0
11398	0
11399	0
11400	0
11401	0
11402	0
11403	0
11404	0
11405	0
11406	0
11407	0
11408	0
11409	0
11410	0
11411	0
11412	0
11413	0
11414	0
11415	0
11416	0
11417	0
11418	0
11419	0
11420	0
11421	0
11422	0
11423	0
11424	0
11425	0
11426	0
11427	0
11428	0
11429	0
11430	0
11431	0
11432	0
11433	0
11434	0
11435	0
11436	0
11437	0
11438	0
11439	0
11440	0
11441	0
11442	0
11443	0
11444	0
11445	0
11446	0
11447	0
11448	0
11449	0
11450	0
11451	0
11452	0
11453	0
11454	0
11455	0
11456	0
11457	0
11458	0
11459	0
11460	0
11461	0
11462	0
11463	0
11464	0
11465	0
11466	0
11467	0
11468	0
11469	0
11470	0
11471	0
11472	0
11473	0
11474	0
11475	0
11476	0
11477	0
11478	0
11479	0
11480	0
11481	0
11482	0
11483	0
11484	0
11485	0
11486	0
11487	0
11488	0
11489	0
11490	0
11491	0
11492	0
11493	0
11494	0
11495	0
11496	0
11497	0
11498	0
11499	0
11500	0
11501	0
11502	0
11503	0
11504	0
11505	0
11506	0
11507	0
11508	0
11509	0
11510	0
11511	0
11512	0
11513	0
11514	0
11515	0
11516	0
11517	0
11518	0
11519	0
11520	0
11521	0
11522	0
11523	0
11524	0
11525	0
11526	0
11527	0
11528	0
11529	0
11530	0
11531	0
11532	0
11533	0
11534	0
11535	0
11536	0
11537	0
11538	0
11539	0
11540	0
11541	0
11542	0
11543	0
11544	0
11545	0
11546	0
11547	0
11548	0
11549	0
11550	0
11551	0
11552	0
11553	0
11554	0
11555	0
11556	0
11557	0
11558	0
11559	0
11560	0
11561	0
11562	0
11563	0
11564	0
11565	0
11566	0
11567	0
11568	0
11569	0
11570	0
11571	0
11572	0
11573	0
11574	0
11575	0
11576	0
11577	0
11578	0
11579	0
11580	0
11581	0
11582	0
11583	0
11584	0
11585	0
11586	0
11587	0
11588	0
11589	0
11590	0
11591	0
11592	0
11593	0
11594	0
11595	0
11596	0
11597	0
11598	0
11599	0
11600	0
11601	0
11602	0
11603	0
11604	0
11605	0
11606	0
11607	0
11608	0
11609	0
11610	0
11611	0
11612	0
11613	0
11614	0
11615	0
11616	0
11617	0
11618	0
11619	0
11620	0
11621	0
11622	0
11623	0
11624	0
11625	0
11626	0
11627	0
11628	0
11629	0
11630	0
11631	0
11632	0
11633	0
11634	0
11635	0
11636	0
11637	0
11638	0
11639	0
11640	0
11641	0
11642	0
11643	0
11644	0
11645	0
11646	0
11647	0
11648	0
11649	0
11650	0
11651	0
11652	0
11653	0
11654	0
11655	0
11656	0
11657	0
11658	0
11659	0
11660	0
11661	0
11662	0
11663	0
11664	0
11665	0
11666	0
11667	0
11668	0
11669	0
11670	0
11671	0
11672	0
11673	0
11674	0
11675	0
11676	0
11677	0
11678	0
11679	0
11680	0
11681	0
11682	0
11683	0
11684	0
11685	0
11686	0
11687	0
11688	0
11689	0
11690	0
11691	0
11692	0
11693	0
11694	0
11695	0
11696	0
11697	0
11698	0
11699	1
11700	0
11701	0
11702	0
11703	0
11704	0
11705	0
11706	0
11707	0
11708	0
11709	0
11710	0
11711	0
11712	0
11713	0
11714	0
11715	0
11716	0
11717	0
11718	0
11719	0
11720	0
11721	0
11722	0
11723	0
11724	0
11725	0
11726	0
11727	0
11728	0
11729	0
11730	0
11731	0
11732	0
11733	0
11734	0
11735	0
11736	0
11737	0
11738	0
11739	0
11740	0
11741	0
11742	0
11743	0
11744	0
11745	0
11746	0
11747	0
11748	0
11749	0
11750	0
11751	0
11752	0
11753	0
11754	0
11755	0
11756	0
11757	0
11758	0
11759	0
11760	0
11761	0
11762	0
11763	0
11764	0
11765	0
11766	0
11767	0
11768	0
11769	0
11770	0
11771	0
11772	0
11773	0
11774	0
11775	0
11776	0
11777	0
11778	0
11779	0
11780	0
11781	0
11782	0
11783	0
11784	0
11785	0
11786	0
11787	0
11788	0
11789	0
11790	0
11791	0
11792	0
11793	0
11794	0
11795	0
11796	0
11797	0
11798	0
11799	0
11800	0
11801	0
11802	0
11803	0
11804	0
11805	0
11806	0
11807	0
11808	0
11809	0
11810	0
11811	0
11812	0
11813	0
11814	0
11815	0
11816	0
11817	0
11818	0
11819	0
11820	0
11821	0
11822	0
11823	0
11824	0
11825	0
11826	0
11827	0
11828	0
11829	0
11830	0
11831	0
11832	0
11833	0
11834	0
11835	0
11836	0
11837	0
11838	0
11839	0
11840	0
11841	0
11842	0
11843	0
11844	0
11845	0
11846	0
11847	0
11848	1
